org_id	remap_id
4223	0
2080	1
2953	2
4270	3
4447	4
5679	5
7147	6
8622	7
47830	8
51540	9
741	10
1274	11
2116	12
2810	13
3000	14
3997	15
4993	16
5039	17
5069	18
5072	19
5146	20
5618	21
5690	22
5952	23
5971	24
6283	25
6350	26
6857	27
7099	28
7153	29
8607	30
26662	31
27728	32
31184	33
31658	34
31660	35
6365	36
30818	37
6270	38
45175	39
1136	40
2023	41
3683	42
1297	43
3814	44
4848	45
6346	46
6378	47
1950	48
7566	49
27834	50
33154	51
44937	52
45210	53
49132	54
51077	55
296	56
32	57
47	58
165	59
231	60
377	61
442	62
593	63
628	64
780	65
1073	66
1101	67
1206	68
1208	69
1210	70
1240	71
1391	72
1527	73
1653	74
1704	75
1961	76
2762	77
2858	78
2959	79
4963	80
5630	81
5989	82
6250	83
6753	84
8132	85
32587	86
36529	87
39444	88
44191	89
44665	90
47610	91
48043	92
51931	93
53129	94
54745	95
55872	96
55908	97
58025	98
58078	99
58972	100
59615	101
59900	102
60072	103
60074	104
1223	105
1233	106
1876	107
2993	108
26	109
2409	110
2412	111
2863	112
3668	113
3979	114
6016	115
8361	116
45722	117
3617	118
3916	119
5955	120
42418	121
508	122
1091	123
6373	124
10	125
2947	126
4246	127
4310	128
6934	129
3424	130
50	131
930	132
1225	133
4979	134
38886	135
46578	136
4011	137
3466	138
44399	139
349	140
1374	141
1610	142
2948	143
3256	144
5400	145
5418	146
8665	147
54286	148
1132	149
1179	150
2336	151
14	152
1953	153
1994	154
3785	155
8950	156
247	157
2391	158
2478	159
3967	160
293	161
468	162
3248	163
3786	164
30816	165
1411	166
3409	167
3598	168
3723	169
4745	170
6058	171
43679	172
49272	173
59594	174
342	175
2357	176
4878	177
7297	178
7773	179
8376	180
33896	181
34072	182
34542	183
36527	184
38061	185
39183	186
40583	187
41716	188
42718	189
43460	190
44195	191
44199	192
44709	193
45186	194
45447	195
45499	196
46530	197
46948	198
46976	199
47629	200
48082	201
48774	202
49312	203
49347	204
51084	205
51662	206
52885	207
53000	208
53322	209
53894	210
55820	211
546	212
2125	213
2126	214
2137	215
2384	216
3263	217
4015	218
4343	219
5064	220
5528	221
35836	222
5620	223
6885	224
31804	225
11	226
17	227
18	228
29	229
39	230
52	231
74	232
104	233
215	234
235	235
260	236
348	237
364	238
480	239
509	240
524	241
527	242
539	243
587	244
588	245
592	246
595	247
597	248
903	249
904	250
908	251
919	252
928	253
931	254
953	255
965	256
1035	257
1077	258
1078	259
1080	260
1097	261
1131	262
1172	263
1175	264
1196	265
1198	266
1199	267
1204	268
1207	269
1211	270
1219	271
1234	272
1249	273
1250	274
1252	275
1259	276
1262	277
1267	278
1276	279
1278	280
1282	281
1288	282
1291	283
1302	284
1306	285
1307	286
1345	287
1387	288
1393	289
1449	290
1513	291
1537	292
1569	293
1635	294
1673	295
1690	296
1721	297
1777	298
1884	299
1954	300
1968	301
2028	302
2065	303
2085	304
2100	305
2115	306
2118	307
2133	308
2134	309
2144	310
2146	311
2174	312
2176	313
2178	314
2181	315
2183	316
2184	317
2186	318
2202	319
2203	320
2204	321
2205	322
2245	323
2291	324
2301	325
2324	326
2335	327
2363	328
2365	329
2395	330
2410	331
2411	332
2572	333
2628	334
2640	335
2706	336
2797	337
2915	338
2918	339
2942	340
2949	341
2952	342
2968	343
3083	344
3098	345
3108	346
3160	347
3210	348
3252	349
3255	350
3359	351
3360	352
3363	353
3408	354
3418	355
3421	356
3471	357
3552	358
3633	359
3635	360
3638	361
3671	362
3688	363
3793	364
3812	365
3911	366
3996	367
4014	368
4025	369
4103	370
4220	371
4322	372
4467	373
4623	374
4718	375
4902	376
4973	377
4992	378
5066	379
5139	380
5267	381
5299	382
5349	383
5378	384
5444	385
5639	386
5673	387
5796	388
5872	389
5942	390
5992	391
6104	392
6125	393
6163	394
6296	395
6333	396
6534	397
6586	398
6643	399
6773	400
6807	401
6874	402
6985	403
6993	404
7173	405
7346	406
7373	407
7438	408
7485	409
8197	410
8529	411
8636	412
26776	413
27721	414
27731	415
30793	416
30810	417
31079	418
33493	419
33794	420
36401	421
34198	422
2313	423
2976	424
6870	425
5218	426
110	427
380	428
858	429
8360	430
500	431
4911	432
5909	433
47465	434
46970	435
358	436
562	437
56757	438
3551	439
1089	440
1729	441
52281	442
53519	443
419	444
519	445
1224	446
1779	447
2642	448
2986	449
5377	450
8368	451
3052	452
61323	453
33158	454
367	455
912	456
922	457
1260	458
3114	459
223	460
288	461
493	462
1061	463
1193	464
1197	465
1213	466
1228	467
1248	468
1258	469
1639	470
1917	471
1921	472
2296	473
2325	474
2329	475
2700	476
2788	477
3275	478
3468	479
3476	480
3949	481
4226	482
4621	483
4734	484
5151	485
5294	486
5669	487
5902	488
6808	489
6957	490
7361	491
8874	492
8917	493
8949	494
8981	495
8985	496
33166	497
37380	498
37830	499
39715	500
45081	501
45431	502
45728	503
46322	504
47261	505
48142	506
48516	507
48780	508
48982	509
49278	510
49284	511
51086	512
51091	513
51255	514
52245	515
55247	516
55363	517
55765	518
56174	519
56782	520
56788	521
57528	522
63113	523
55282	524
2683	525
4027	526
1547	527
6623	528
1025	529
2485	530
2535	531
361	532
413	533
2428	534
4367	535
6218	536
8798	537
36708	538
3477	539
58154	540
1408	541
6565	542
4720	543
1203	544
1269	545
3112	546
3155	547
3251	548
4039	549
4478	550
6303	551
7934	552
339	553
6537	554
7247	555
5912	556
54736	557
70	558
784	559
1245	560
1370	561
2726	562
3147	563
3176	564
3253	565
3755	566
3948	567
4235	568
5481	569
5502	570
6502	571
6863	572
31364	573
299	574
36276	575
59018	576
1120	577
902	578
2750	579
4776	580
5508	581
6197	582
1665	583
2505	584
5903	585
40819	586
6902	587
4308	588
4722	589
4326	590
42730	591
52604	592
6944	593
112	594
1212	595
2019	596
2670	597
5621	598
7022	599
8253	600
8961	601
31878	602
48304	603
50872	604
3074	605
3947	606
4363	607
5115	608
6437	609
6451	610
7205	611
26138	612
26313	613
608	614
1256	615
345	616
501	617
581	618
983	619
1041	620
1046	621
1235	622
1251	623
1952	624
2021	625
2022	626
2071	627
2076	628
2284	629
2437	630
2908	631
3163	632
3186	633
3224	634
3547	635
3730	636
3788	637
4359	638
4763	639
4874	640
4880	641
5367	642
5788	643
6323	644
6380	645
6591	646
6683	647
6711	648
6952	649
7023	650
7151	651
7976	652
8062	653
8365	654
8477	655
8966	656
8973	657
26599	658
30820	659
31410	660
32025	661
33004	662
33171	663
38038	664
41569	665
43333	666
1214	667
324	668
910	669
2353	670
3969	671
4184	672
4427	673
4555	674
4857	675
4886	676
7190	677
58492	678
8014	679
1	680
36	681
198	682
308	683
541	684
551	685
555	686
745	687
1059	688
1148	689
1222	690
1298	691
1464	692
1641	693
1772	694
4306	695
7034	696
7193	697
7649	698
8507	699
8589	700
41997	701
926	702
1086	703
1265	704
2194	705
3088	706
3510	707
26116	708
45720	709
924	710
6539	711
6713	712
8873	713
27773	714
1293	715
3503	716
8327	717
153	718
172	719
213	720
589	721
598	722
736	723
1221	724
1232	725
1270	726
1681	727
2469	728
2571	729
2916	730
3357	731
6542	732
6792	733
7090	734
7460	735
7789	736
8025	737
8154	738
27660	739
42734	740
45517	741
54259	742
37386	743
55995	744
2657	745
3006	746
34437	747
40278	748
714	749
1279	750
4865	751
8228	752
1555	753
2270	754
5725	755
5907	756
6075	757
6133	758
6198	759
6673	760
6935	761
7238	762
7935	763
7940	764
7948	765
8070	766
8125	767
8485	768
25764	769
25788	770
25898	771
27523	772
27636	773
30701	774
32460	775
33451	776
42900	777
62049	778
2081	779
318	780
356	781
393	782
1266	783
2502	784
3328	785
3439	786
3578	787
4034	788
4239	789
4262	790
4735	791
4975	792
5152	793
5388	794
5504	795
6595	796
7175	797
7317	798
27831	799
34319	800
40148	801
48385	802
54999	803
55118	804
55272	805
55946	806
59016	807
26865	808
34405	809
37733	810
586	811
916	812
8257	813
111	814
180	815
1079	816
1216	817
2321	818
3081	819
4641	820
5767	821
7104	822
8638	823
8784	824
27397	825
40629	826
41863	827
56171	828
56339	829
56367	830
58559	831
60069	832
60760	833
62113	834
236	835
246	836
520	837
1242	838
2369	839
3113	840
3260	841
3978	842
3994	843
4016	844
6953	845
750	846
1217	847
1230	848
1241	849
1244	850
2302	851
4041	852
6951	853
7154	854
7326	855
7449	856
8578	857
8644	858
8815	859
8831	860
8861	861
8868	862
8870	863
8948	864
27434	865
27722	866
31162	867
31427	868
31431	869
31447	870
32289	871
33164	872
33644	873
34271	874
34338	875
34523	876
42723	877
2236	878
42197	879
5915	880
4149	881
56805	882
1682	883
2686	884
4873	885
8366	886
8582	887
9018	888
27266	889
27878	890
27904	891
37240	892
307	893
663	894
913	895
923	896
1095	897
1283	898
1358	899
1584	900
1719	901
2064	902
2278	903
2290	904
2352	905
2599	906
2693	907
3067	908
3882	909
3897	910
4022	911
4334	912
4816	913
4995	914
5051	915
5577	916
5820	917
5878	918
5991	919
6331	920
6867	921
6936	922
7323	923
41566	924
1125	925
1580	926
2692	927
2997	928
5060	929
5617	930
6662	931
6666	932
8239	933
281	934
2070	935
6001	936
2662	937
1552	938
1909	939
2985	940
3448	941
3809	942
37741	943
627	944
2232	945
3250	946
5265	947
6337	948
60397	949
6982	950
7587	951
47640	952
5782	953
485	954
1215	955
3698	956
5047	957
6664	958
6872	959
26285	960
46965	961
49932	962
537	963
2795	964
3529	965
57640	966
5225	967
5423	968
5608	969
7371	970
27912	971
32291	972
7	973
41	974
57	975
89	976
98	977
253	978
289	979
337	980
347	981
497	982
535	983
778	984
920	985
992	986
1029	987
1167	988
1201	989
1380	990
1412	991
1441	992
1632	993
1685	994
1711	995
1767	996
1784	997
2060	998
2231	999
2282	1000
2424	1001
2600	1002
2723	1003
2729	1004
2770	1005
2772	1006
2951	1007
3089	1008
3148	1009
3317	1010
3326	1011
3455	1012
3536	1013
3681	1014
3783	1015
3796	1016
3808	1017
3841	1018
3893	1019
3992	1020
4231	1021
4258	1022
4279	1023
4370	1024
5279	1025
5680	1026
5791	1027
5816	1028
5954	1029
5987	1030
5995	1031
6140	1032
6144	1033
6156	1034
6709	1035
6710	1036
6892	1037
6947	1038
7067	1039
7115	1040
7162	1041
7234	1042
7618	1043
7767	1044
8195	1045
8495	1046
8527	1047
8739	1048
8755	1049
8848	1050
8865	1051
8866	1052
8910	1053
8970	1054
25961	1055
26294	1056
27410	1057
27706	1058
30812	1059
31973	1060
32649	1061
34321	1062
39292	1063
40817	1064
40826	1065
43871	1066
45106	1067
45880	1068
46967	1069
47644	1070
47950	1071
48032	1072
48326	1073
48738	1074
49286	1075
49666	1076
50064	1077
50253	1078
51694	1079
51834	1080
53125	1081
54513	1082
55269	1083
55280	1084
59256	1085
61818	1086
2161	1087
34532	1088
34767	1089
5774	1090
2890	1091
6377	1092
3555	1093
5010	1094
40339	1095
47999	1096
107	1097
357	1098
671	1099
1081	1100
1246	1101
1388	1102
1805	1103
2083	1104
2359	1105
2709	1106
3247	1107
3396	1108
4124	1109
4173	1110
4225	1111
4981	1112
5013	1113
5380	1114
5470	1115
5747	1116
7293	1117
27815	1118
37729	1119
8235	1120
12	1121
163	1122
239	1123
282	1124
523	1125
552	1126
685	1127
783	1128
849	1129
898	1130
901	1131
906	1132
915	1133
951	1134
954	1135
955	1136
956	1137
1007	1138
1017	1139
1018	1140
1021	1141
1023	1142
1026	1143
1028	1144
1084	1145
1124	1146
1220	1147
1254	1148
1261	1149
1281	1150
1321	1151
1456	1152
1562	1153
1688	1154
1731	1155
1732	1156
1894	1157
1895	1158
2011	1159
2012	1160
2014	1161
2015	1162
2016	1163
2043	1164
2052	1165
2057	1166
2084	1167
2087	1168
2090	1169
2092	1170
2099	1171
2108	1172
2109	1173
2180	1174
2185	1175
2206	1176
2227	1177
2300	1178
2354	1179
2413	1180
2566	1181
2606	1182
2724	1183
2847	1184
2879	1185
2880	1186
2895	1187
2939	1188
2987	1189
3097	1190
3159	1191
3199	1192
3287	1193
3306	1194
3365	1195
3435	1196
3438	1197
3451	1198
3559	1199
3606	1200
3608	1201
3622	1202
3632	1203
3678	1204
3754	1205
3798	1206
3872	1207
4105	1208
4154	1209
4232	1210
4335	1211
4356	1212
4357	1213
4366	1214
4489	1215
4564	1216
4639	1217
4801	1218
4802	1219
4920	1220
4921	1221
4994	1222
5109	1223
5345	1224
5419	1225
5445	1226
5529	1227
5611	1228
5651	1229
5812	1230
5836	1231
5958	1232
6039	1233
6157	1234
6237	1235
6251	1236
6405	1237
6412	1238
6533	1239
6558	1240
6625	1241
6639	1242
6725	1243
6755	1244
6798	1245
6850	1246
7052	1247
7061	1248
7074	1249
7078	1250
7082	1251
7212	1252
7217	1253
7372	1254
7706	1255
8275	1256
8373	1257
8525	1258
8526	1259
8610	1260
8623	1261
8650	1262
8695	1263
8711	1264
8712	1265
8714	1266
8734	1267
8796	1268
8814	1269
25750	1270
25769	1271
25777	1272
25826	1273
25850	1274
25865	1275
25868	1276
25951	1277
26491	1278
26680	1279
31193	1280
31687	1281
32882	1282
33836	1283
34332	1284
47099	1285
49013	1286
52722	1287
5722	1288
5840	1289
53318	1290
60293	1291
1676	1292
2634	1293
2652	1294
2905	1295
3030	1296
3875	1297
4754	1298
5383	1299
5552	1300
5649	1301
6435	1302
6500	1303
7885	1304
26134	1305
26185	1306
26269	1307
26270	1308
26476	1309
26743	1310
26811	1311
37335	1312
51277	1313
2288	1314
543	1315
2672	1316
1923	1317
1227	1318
2320	1319
36517	1320
48598	1321
61132	1322
256	1323
786	1324
1090	1325
1200	1326
1263	1327
1359	1328
1587	1329
2000	1330
2096	1331
2193	1332
2373	1333
3527	1334
3703	1335
3986	1336
4508	1337
4531	1338
4558	1339
5040	1340
5093	1341
7004	1342
7310	1343
8493	1344
27876	1345
7156	1346
8464	1347
4713	1348
45950	1349
2712	1350
2774	1351
26663	1352
6256	1353
7456	1354
48214	1355
162	1356
1299	1357
6672	1358
6945	1359
30707	1360
30749	1361
1377	1362
2641	1363
2643	1364
3213	1365
5008	1366
6932	1367
26152	1368
53464	1369
3676	1370
3835	1371
3946	1372
5046	1373
5479	1374
5956	1375
6264	1376
6645	1377
26258	1378
31221	1379
31424	1380
34150	1381
61646	1382
150	1383
590	1384
1617	1385
2117	1386
2716	1387
6214	1388
48394	1389
353	1390
4383	1391
4896	1392
1376	1393
7070	1394
1273	1395
4808	1396
7134	1397
53996	1398
59727	1399
60753	1400
2671	1401
2991	1402
3639	1403
2001	1404
2860	1405
1333	1406
80	1407
1944	1408
26359	1409
26788	1410
42728	1411
2253	1412
2681	1413
3070	1414
3740	1415
5187	1416
7991	1417
8370	1418
733	1419
51709	1420
54734	1421
27803	1422
838	1423
2791	1424
3447	1425
788	1426
3039	1427
3481	1428
4085	1429
4890	1430
5296	1431
5803	1432
8984	1433
52973	1434
54503	1435
4446	1436
57669	1437
2398	1438
2710	1439
2622	1440
43560	1441
31685	1442
40815	1443
53123	1444
5752	1445
25	1446
42	1447
173	1448
203	1449
232	1450
266	1451
277	1452
300	1453
354	1454
457	1455
785	1456
852	1457
897	1458
900	1459
905	1460
909	1461
914	1462
921	1463
933	1464
934	1465
938	1466
942	1467
946	1468
948	1469
949	1470
952	1471
969	1472
976	1473
1005	1474
1020	1475
1096	1476
1104	1477
1147	1478
1183	1479
1185	1480
1226	1481
1247	1482
1272	1483
1277	1484
1287	1485
1292	1486
1304	1487
1344	1488
1357	1489
1396	1490
1925	1491
1926	1492
1927	1493
1928	1494
1929	1495
1930	1496
1931	1497
1932	1498
1933	1499
1934	1500
1935	1501
1936	1502
1937	1503
1938	1504
1939	1505
1940	1506
1941	1507
1942	1508
1943	1509
1945	1510
1946	1511
1947	1512
1948	1513
1949	1514
1951	1515
1955	1516
1956	1517
1957	1518
1958	1519
1959	1520
1960	1521
1962	1522
1964	1523
2034	1524
2042	1525
2067	1526
2068	1527
2069	1528
2082	1529
2132	1530
2160	1531
2268	1532
2312	1533
2389	1534
2396	1535
2407	1536
2422	1537
2439	1538
2447	1539
2474	1540
2490	1541
2520	1542
2524	1543
2565	1544
2612	1545
2728	1546
2730	1547
2745	1548
2763	1549
2877	1550
2919	1551
2928	1552
2929	1553
2932	1554
2966	1555
2988	1556
3011	1557
3033	1558
3035	1559
3046	1560
3062	1561
3072	1562
3095	1563
3099	1564
3100	1565
3104	1566
3111	1567
3152	1568
3171	1569
3179	1570
3188	1571
3196	1572
3244	1573
3270	1574
3334	1575
3341	1576
3361	1577
3362	1578
3368	1579
3371	1580
3386	1581
3428	1582
3467	1583
3469	1584
3475	1585
3494	1586
3499	1587
3504	1588
3506	1589
3507	1590
3524	1591
3535	1592
3545	1593
3562	1594
3685	1595
3712	1596
3724	1597
3729	1598
3733	1599
3744	1600
3861	1601
3871	1602
3873	1603
3915	1604
3936	1605
3988	1606
4002	1607
4007	1608
4008	1609
4017	1610
4054	1611
4148	1612
4181	1613
4186	1614
4187	1615
4190	1616
4211	1617
4274	1618
4292	1619
4321	1620
4338	1621
4351	1622
4361	1623
4420	1624
4422	1625
4433	1626
4448	1627
4464	1628
4465	1629
4678	1630
4738	1631
4743	1632
4805	1633
4835	1634
4844	1635
4912	1636
4974	1637
4976	1638
4998	1639
5005	1640
5007	1641
5015	1642
5035	1643
5036	1644
5085	1645
5094	1646
5114	1647
5123	1648
5141	1649
5171	1650
5226	1651
5292	1652
5353	1653
5354	1654
5384	1655
5385	1656
5440	1657
5464	1658
5599	1659
5601	1660
5911	1661
5974	1662
6025	1663
6060	1664
6178	1665
6233	1666
6247	1667
6254	1668
6357	1669
6477	1670
6516	1671
6603	1672
6636	1673
6724	1674
6777	1675
6786	1676
6787	1677
6856	1678
7000	1679
7028	1680
7057	1681
7059	1682
7072	1683
7086	1684
7087	1685
7111	1686
7130	1687
7160	1688
7179	1689
7181	1690
7263	1691
7303	1692
7311	1693
7338	1694
7416	1695
7479	1696
7493	1697
7560	1698
7619	1699
7771	1700
8057	1701
8147	1702
8153	1703
8208	1704
8266	1705
8268	1706
8338	1707
8450	1708
8458	1709
8459	1710
8463	1711
8465	1712
8482	1713
8521	1714
8584	1715
8611	1716
8617	1717
8662	1718
8754	1719
8838	1720
8864	1721
8875	1722
8879	1723
8920	1724
8921	1725
8923	1726
8958	1727
25827	1728
25856	1729
25923	1730
25952	1731
26386	1732
26564	1733
26695	1734
26700	1735
32082	1736
32298	1737
32361	1738
32646	1739
33646	1740
33660	1741
36553	1742
41571	1743
53993	1744
224	1745
6341	1746
40414	1747
47423	1748
55052	1749
55069	1750
55290	1751
55814	1752
64418	1753
1500	1754
43396	1755
116	1756
185	1757
292	1758
316	1759
440	1760
456	1761
594	1762
674	1763
968	1764
1099	1765
1129	1766
1130	1767
1253	1768
1257	1769
1327	1770
1350	1771
1407	1772
1416	1773
1801	1774
1974	1775
1997	1776
2013	1777
2018	1778
2078	1779
2097	1780
2111	1781
2297	1782
2311	1783
2423	1784
2453	1785
2529	1786
2613	1787
2746	1788
2804	1789
2840	1790
2921	1791
2922	1792
3032	1793
3061	1794
3101	1795
3198	1796
3354	1797
3699	1798
3826	1799
3849	1800
4037	1801
4178	1802
4189	1803
4216	1804
4228	1805
4451	1806
4509	1807
4515	1808
4571	1809
4643	1810
5158	1811
5318	1812
5544	1813
5593	1814
5644	1815
6184	1816
6482	1817
6620	1818
6727	1819
6731	1820
6813	1821
6825	1822
6882	1823
6970	1824
6987	1825
7001	1826
7058	1827
7125	1828
7169	1829
7254	1830
7318	1831
7386	1832
7387	1833
7787	1834
7891	1835
7984	1836
8291	1837
8340	1838
8492	1839
8631	1840
8647	1841
8675	1842
8783	1843
8914	1844
8957	1845
25886	1846
26133	1847
26302	1848
26554	1849
27618	1850
31116	1851
31347	1852
31528	1853
32060	1854
32371	1855
34536	1856
34583	1857
36525	1858
38798	1859
38992	1860
39307	1861
39400	1862
40614	1863
40851	1864
41585	1865
42018	1866
42738	1867
43376	1868
43934	1869
44694	1870
44761	1871
44840	1872
44974	1873
45208	1874
45662	1875
45668	1876
45730	1877
46850	1878
46974	1879
47264	1880
47810	1881
47952	1882
48416	1883
48696	1884
48698	1885
48741	1886
48783	1887
49282	1888
49524	1889
49530	1890
49649	1891
49772	1892
50160	1893
50447	1894
50601	1895
51471	1896
51638	1897
51925	1898
52283	1899
52435	1900
52694	1901
53121	1902
53550	1903
54780	1904
55284	1905
55288	1906
55729	1907
55732	1908
56333	1909
56587	1910
57526	1911
57534	1912
57538	1913
58047	1914
58103	1915
58246	1916
58295	1917
58803	1918
59501	1919
60487	1920
63876	1921
381	1922
477	1923
1231	1924
1476	1925
2289	1926
2973	1927
7256	1928
27822	1929
431	1930
1178	1931
4437	1932
6754	1933
16	1934
454	1935
494	1936
1092	1937
334	1938
800	1939
899	1940
1186	1941
1965	1942
2303	1943
2355	1944
2971	1945
3296	1946
3487	1947
3548	1948
4612	1949
5772	1950
42004	1951
48744	1952
1394	1953
1280	1954
2925	1955
3677	1956
6299	1957
327	1958
1209	1959
34143	1960
1628	1961
9013	1962
25866	1963
26007	1964
27611	1965
31435	1966
36056	1967
61240	1968
62801	1969
1827	1970
4142	1971
39408	1972
45928	1973
171	1974
1821	1975
2029	1976
2607	1977
5229	1978
36535	1979
37731	1980
4850	1981
7118	1982
8157	1983
8426	1984
1036	1985
2501	1986
4327	1987
6986	1988
7569	1989
8530	1990
344	1991
2005	1992
2402	1993
2403	1994
2404	1995
2699	1996
2717	1997
3868	1998
3869	1999
4214	2000
4333	2001
5055	2002
5254	2003
7308	2004
2542	2005
6942	2006
7439	2007
49824	2008
4458	2009
4866	2010
1405	2011
6385	2012
32582	2013
866	2014
3627	2015
6852	2016
32179	2017
567	2018
532	2019
55253	2020
3093	2021
3246	2022
2406	2023
2264	2024
50347	2025
556	2026
63082	2027
47978	2028
4033	2029
4553	2030
2567	2031
4215	2032
5025	2033
6287	2034
8533	2035
27816	2036
44613	2037
45501	2038
45726	2039
45732	2040
47518	2041
54001	2042
54272	2043
2691	2044
596	2045
214	2046
680	2047
681	2048
911	2049
947	2050
1162	2051
1202	2052
1295	2053
1329	2054
1334	2055
1572	2056
1859	2057
1889	2058
2074	2059
2131	2060
2348	2061
2349	2062
2351	2063
2488	2064
2551	2065
2731	2066
2897	2067
2920	2068
2933	2069
2935	2070
2936	2071
3134	2072
3338	2073
3343	2074
3461	2075
3645	2076
3736	2077
3739	2078
3929	2079
4144	2080
4194	2081
4298	2082
4330	2083
4395	2084
4399	2085
4419	2086
4546	2087
4605	2088
4687	2089
4806	2090
4840	2091
4927	2092
4928	2093
5142	2094
5147	2095
5198	2096
5258	2097
5291	2098
5333	2099
5373	2100
5436	2101
5498	2102
5560	2103
5605	2104
5932	2105
5937	2106
6023	2107
6051	2108
6148	2109
6660	2110
6783	2111
6859	2112
6920	2113
6981	2114
7064	2115
7116	2116
7135	2117
7206	2118
7333	2119
7335	2120
7396	2121
7484	2122
7564	2123
7577	2124
7585	2125
7766	2126
7924	2127
7925	2128
7926	2129
7979	2130
8126	2131
8261	2132
8264	2133
8295	2134
8341	2135
8620	2136
8797	2137
25954	2138
25995	2139
26005	2140
26012	2141
26119	2142
26131	2143
26150	2144
26158	2145
26171	2146
26303	2147
26318	2148
26366	2149
31545	2150
31770	2151
32525	2152
32892	2153
37287	2154
40833	2155
41627	2156
44587	2157
46664	2158
46803	2159
46855	2160
50477	2161
50619	2162
60745	2163
61279	2164
390	2165
1161	2166
1289	2167
2366	2168
2459	2169
2648	2170
3216	2171
3652	2172
4044	2173
5165	2174
5542	2175
7300	2176
7757	2177
27727	2178
290	2179
1255	2180
2273	2181
4350	2182
4624	2183
7143	2184
678	2185
3022	2186
3462	2187
5298	2188
6003	2189
7243	2190
7294	2191
8860	2192
8977	2193
25766	2194
27830	2195
27837	2196
44828	2197
53956	2198
35	2199
58	2200
1354	2201
1466	2202
1672	2203
1762	2204
2010	2205
2580	2206
3819	2207
3983	2208
4028	2209
4644	2210
4699	2211
5540	2212
5668	2213
5873	2214
5896	2215
6216	2216
8951	2217
26606	2218
33639	2219
37855	2220
50923	2221
62	2222
1088	2223
2470	2224
34162	2225
6898	2226
7060	2227
199	2228
648	2229
1339	2230
1619	2231
1748	2232
1835	2233
2006	2234
2605	2235
2719	2236
3556	2237
3581	2238
3717	2239
4161	2240
4677	2241
5081	2242
5128	2243
5266	2244
5574	2245
6281	2246
6541	2247
6593	2248
7454	2249
7458	2250
8254	2251
33679	2252
36519	2253
39435	2254
5684	2255
41285	2256
1769	2257
3	2258
216	2259
333	2260
507	2261
518	2262
1066	2263
1194	2264
1343	2265
1348	2266
1459	2267
1982	2268
2401	2269
2476	2270
2513	2271
2561	2272
3342	2273
3450	2274
3498	2275
3508	2276
3706	2277
3726	2278
3742	2279
3827	2280
4577	2281
4662	2282
4710	2283
4855	2284
5506	2285
5650	2286
6188	2287
7048	2288
7065	2289
7419	2290
8042	2291
26226	2292
32029	2293
33162	2294
34323	2295
34534	2296
39234	2297
42725	2298
61742	2299
994	2300
5446	2301
1268	2302
3071	2303
7088	2304
7941	2305
720	2306
2596	2307
7382	2308
805	2309
832	2310
1013	2311
1027	2312
1378	2313
2058	2314
3087	2315
3107	2316
3753	2317
4019	2318
4557	2319
6862	2320
6879	2321
8528	2322
1907	2323
4212	2324
4469	2325
4969	2326
6077	2327
33880	2328
39231	2329
6059	2330
6223	2331
222	2332
8916	2333
4133	2334
4409	2335
553	2336
5463	2337
6185	2338
7782	2339
2541	2340
7315	2341
8033	2342
2	2343
19	2344
145	2345
329	2346
434	2347
836	2348
1347	2349
1356	2350
1371	2351
1372	2352
1375	2353
1517	2354
1544	2355
1556	2356
1573	2357
1722	2358
2167	2359
2393	2360
2431	2361
2677	2362
2701	2363
3751	2364
3972	2365
4018	2366
4164	2367
4701	2368
4887	2369
5220	2370
5459	2371
5944	2372
6213	2373
7325	2374
7367	2375
7448	2376
7482	2377
33495	2378
34048	2379
42011	2380
3298	2381
49961	2382
65126	2383
49651	2384
141	2385
775	2386
1237	2387
1284	2388
1337	2389
1913	2390
2009	2391
2114	2392
2644	2393
2927	2394
2943	2395
2944	2396
3235	2397
3654	2398
4188	2399
4234	2400
4320	2401
4349	2402
4407	2403
5348	2404
5666	2405
6439	2406
6441	2407
6671	2408
7388	2409
7720	2410
7769	2411
7820	2412
7841	2413
7980	2414
8765	2415
8779	2416
32674	2417
37545	2418
40870	2419
46559	2420
4092	2421
4388	2422
6888	2423
4823	2424
6155	2425
475	2426
936	2427
944	2428
1111	2429
1678	2430
1734	2431
2494	2432
8983	2433
33834	2434
34579	2435
8202	2436
3060	2437
4275	2438
6173	2439
7139	2440
7155	2441
33585	2442
3086	2443
6	2444
31	2445
45	2446
46	2447
140	2448
252	2449
273	2450
306	2451
365	2452
428	2453
517	2454
605	2455
617	2456
647	2457
659	2458
782	2459
971	2460
1038	2461
1296	2462
1305	2463
1363	2464
1417	2465
1422	2466
1457	2467
1526	2468
1593	2469
1597	2470
1658	2471
1733	2472
1844	2473
1873	2474
1902	2475
1912	2476
2020	2477
2316	2478
2331	2479
2360	2480
2427	2481
2441	2482
2442	2483
2539	2484
2690	2485
2704	2486
2707	2487
2732	2488
2764	2489
2803	2490
2819	2491
2843	2492
2961	2493
2970	2494
3004	2495
3005	2496
3028	2497
3079	2498
3105	2499
3258	2500
3259	2501
3269	2502
3502	2503
3684	2504
3719	2505
3741	2506
3752	2507
3813	2508
3822	2509
3874	2510
3987	2511
3991	2512
4021	2513
4056	2514
4069	2515
4077	2516
4151	2517
4273	2518
4305	2519
4329	2520
4372	2521
4429	2522
4692	2523
4770	2524
4796	2525
4809	2526
5004	2527
5016	2528
5105	2529
5222	2530
5269	2531
5399	2532
5408	2533
5466	2534
5517	2535
5525	2536
5563	2537
5576	2538
5625	2539
5633	2540
5741	2541
5809	2542
5824	2543
5869	2544
5900	2545
5985	2546
6067	2547
6100	2548
6192	2549
6238	2550
6291	2551
6305	2552
6370	2553
6538	2554
6578	2555
6596	2556
6641	2557
6876	2558
6927	2559
6973	2560
6977	2561
7008	2562
7163	2563
7255	2564
7265	2565
7354	2566
7375	2567
7445	2568
7487	2569
7490	2570
7584	2571
7698	2572
7761	2573
8260	2574
8573	2575
8643	2576
8724	2577
8781	2578
8905	2579
8928	2580
8959	2581
8963	2582
8965	2583
9010	2584
26242	2585
27416	2586
27821	2587
27839	2588
30803	2589
30825	2590
31956	2591
56607	2592
7101	2593
7986	2594
5799	2595
1515	2596
4051	2597
5288	2598
5356	2599
5998	2600
6746	2601
7244	2602
8947	2603
34189	2604
34334	2605
58297	2606
3262	2607
6989	2608
5881	2609
28	2610
43	2611
85	2612
117	2613
187	2614
194	2615
242	2616
265	2617
272	2618
305	2619
319	2620
369	2621
412	2622
446	2623
461	2624
506	2625
515	2626
538	2627
549	2628
668	2629
670	2630
705	2631
728	2632
789	2633
831	2634
892	2635
1076	2636
1094	2637
1188	2638
1190	2639
1243	2640
1264	2641
1271	2642
1285	2643
1301	2644
1365	2645
1611	2646
1680	2647
1879	2648
1897	2649
1924	2650
2333	2651
2337	2652
2550	2653
2563	2654
2617	2655
2624	2656
2625	2657
2837	2658
2940	2659
3008	2660
3044	2661
3094	2662
3181	2663
3221	2664
3570	2665
3795	2666
3854	2667
3982	2668
4029	2669
4345	2670
4424	2671
4642	2672
4688	2673
5321	2674
5391	2675
5527	2676
5613	2677
5614	2678
5797	2679
5875	2680
5962	2681
6215	2682
6217	2683
6440	2684
6545	2685
6552	2686
6644	2687
6756	2688
6762	2689
6776	2690
6791	2691
6883	2692
6918	2693
6972	2694
7096	2695
8123	2696
8256	2697
8601	2698
8943	2699
25901	2700
26758	2701
27020	2702
27744	2703
30850	2704
31437	2705
31694	2706
32591	2707
33649	2708
33817	2709
39886	2710
40959	2711
40966	2712
45028	2713
49957	2714
50685	2715
52545	2716
1047	2717
57326	2718
4485	2719
2739	2720
3175	2721
7352	2722
26151	2723
6400	2724
48319	2725
51575	2726
55999	2727
60950	2728
52042	2729
59725	2730
61352	2731
1340	2732
2361	2733
3831	2734
7025	2735
7304	2736
8690	2737
27741	2738
39427	2739
3951	2740
4369	2741
4299	2742
5107	2743
6884	2744
7364	2745
33150	2746
44189	2747
43914	2748
4881	2749
20	2750
23	2751
34	2752
170	2753
175	2754
186	2755
191	2756
237	2757
303	2758
370	2759
382	2760
618	2761
1042	2762
1057	2763
1275	2764
1381	2765
1479	2766
1485	2767
1616	2768
1693	2769
1783	2770
1978	2771
2143	2772
2356	2773
2420	2774
2546	2775
2583	2776
2778	2777
3075	2778
3285	2779
3623	2780
3791	2781
3953	2782
3977	2783
4020	2784
4023	2785
4285	2786
4325	2787
4487	2788
4572	2789
5303	2790
5314	2791
5489	2792
5841	2793
6315	2794
6564	2795
6705	2796
7046	2797
7063	2798
7276	2799
7616	2800
26350	2801
26782	2802
27783	2803
32076	2804
32124	2805
33677	2806
26704	2807
33903	2808
34336	2809
43919	2810
3910	2811
8512	2812
50259	2813
3550	2814
57368	2815
60333	2816
152	2817
665	2818
3276	2819
53468	2820
3415	2821
26939	2822
3609	2823
2467	2824
59103	2825
27788	2826
2170	2827
1649	2828
76	2829
748	2830
799	2831
1127	2832
1320	2833
1590	2834
2454	2835
2579	2836
2808	2837
3593	2838
3686	2839
3697	2840
4725	2841
6078	2842
6774	2843
52328	2844
3693	2845
7044	2846
3053	2847
5219	2848
55232	2849
50068	2850
8619	2851
43928	2852
417	2853
7810	2854
7812	2855
52967	2856
531	2857
34520	2858
36531	2859
48877	2860
2901	2861
3168	2862
27846	2863
49817	2864
61350	2865
39419	2866
5108	2867
37384	2868
1566	2869
2862	2870
3771	2871
4192	2872
4282	2873
7348	2874
8403	2875
8480	2876
8897	2877
181	2878
275	2879
661	2880
839	2881
2053	2882
2105	2883
2110	2884
2471	2885
3157	2886
3355	2887
3821	2888
4344	2889
4774	2890
4898	2891
5505	2892
5882	2893
6832	2894
7347	2895
30822	2896
32598	2897
45672	2898
540	2899
762	2900
512	2901
1696	2902
1993	2903
2177	2904
3917	2905
4543	2906
6800	2907
6822	2908
6847	2909
7437	2910
8880	2911
26283	2912
34538	2913
3264	2914
6064	2915
22	2916
338	2917
492	2918
841	2919
929	2920
935	2921
1022	2922
1173	2923
1176	2924
1300	2925
1608	2926
1625	2927
1701	2928
1730	2929
1834	2930
1916	2931
1963	2932
1967	2933
2159	2934
2163	2935
2208	2936
2308	2937
2455	2938
2651	2939
2654	2940
2757	2941
2761	2942
2780	2943
2782	2944
2784	2945
2785	2946
2871	2947
2956	2948
3020	2949
3036	2950
3091	2951
3129	2952
3200	2953
3201	2954
3307	2955
3310	2956
3546	2957
3618	2958
3629	2959
3738	2960
3759	2961
3781	2962
3782	2963
3801	2964
3925	2965
3932	2966
4042	2967
4064	2968
4065	2969
4146	2970
4195	2971
4210	2972
4393	2973
4403	2974
4404	2975
4408	2976
4412	2977
4426	2978
4432	2979
4439	2980
4628	2981
4733	2982
4768	2983
4803	2984
4833	2985
4907	2986
4936	2987
5017	2988
5156	2989
5339	2990
5590	2991
5853	2992
5867	2993
5965	2994
6108	2995
6123	2996
6242	2997
6430	2998
6584	2999
6750	3000
6772	3001
6818	3002
6858	3003
7013	3004
7068	3005
7084	3006
7208	3007
7272	3008
7275	3009
7280	3010
7281	3011
7327	3012
7650	3013
7700	3014
7713	3015
7792	3016
7836	3017
7894	3018
7936	3019
7942	3020
7983	3021
7990	3022
7994	3023
8003	3024
8337	3025
8405	3026
8451	3027
8618	3028
8670	3029
8900	3030
8969	3031
25755	3032
25762	3033
25940	3034
26122	3035
26228	3036
26265	3037
26306	3038
26379	3039
26422	3040
26578	3041
31223	3042
31923	3043
32031	3044
32174	3045
38304	3046
39446	3047
40732	3048
44022	3049
44555	3050
50274	3051
50912	3052
55442	3053
55901	3054
59784	3055
8225	3056
31270	3057
21	3058
55	3059
81	3060
95	3061
97	3062
132	3063
161	3064
183	3065
190	3066
201	3067
233	3068
309	3069
328	3070
350	3071
363	3072
373	3073
405	3074
410	3075
472	3076
496	3077
502	3078
565	3079
585	3080
751	3081
853	3082
907	3083
940	3084
982	3085
1030	3086
1032	3087
1037	3088
1093	3089
1100	3090
1123	3091
1126	3092
1171	3093
1191	3094
1218	3095
1236	3096
1310	3097
1395	3098
1446	3099
1631	3100
1663	3101
1677	3102
1757	3103
1810	3104
1845	3105
1856	3106
1865	3107
1900	3108
1914	3109
1918	3110
2003	3111
2033	3112
2038	3113
2059	3114
2112	3115
2124	3116
2140	3117
2145	3118
2155	3119
2188	3120
2252	3121
2265	3122
2285	3123
2330	3124
2511	3125
2512	3126
2616	3127
2734	3128
2826	3129
2859	3130
2872	3131
2906	3132
2926	3133
3034	3134
3045	3135
3082	3136
3142	3137
3158	3138
3211	3139
3243	3140
3266	3141
3347	3142
3374	3143
3379	3144
3425	3145
3440	3146
3470	3147
3538	3148
3594	3149
3704	3150
3716	3151
3735	3152
3777	3153
3844	3154
3952	3155
3964	3156
3968	3157
3989	3158
4005	3159
4086	3160
4117	3161
4128	3162
4183	3163
4318	3164
4444	3165
4468	3166
4484	3167
4499	3168
4506	3169
4518	3170
4535	3171
4563	3172
4573	3173
4587	3174
4599	3175
4659	3176
4673	3177
4782	3178
4863	3179
4901	3180
5049	3181
5065	3182
5135	3183
5145	3184
5214	3185
5224	3186
5308	3187
5329	3188
5346	3189
5358	3190
5368	3191
5438	3192
5596	3193
5603	3194
5643	3195
5825	3196
5890	3197
5893	3198
5945	3199
5961	3200
6008	3201
6031	3202
6035	3203
6082	3204
6170	3205
6186	3206
6201	3207
6203	3208
6204	3209
6235	3210
6266	3211
6279	3212
6297	3213
6309	3214
6404	3215
6473	3216
6561	3217
6566	3218
6611	3219
6650	3220
6669	3221
6684	3222
6708	3223
6797	3224
6971	3225
6983	3226
6998	3227
7003	3228
7016	3229
7020	3230
7032	3231
7045	3232
7066	3233
7069	3234
7089	3235
7119	3236
7121	3237
7149	3238
7209	3239
7285	3240
7313	3241
7478	3242
7489	3243
7578	3244
7730	3245
7756	3246
7786	3247
7896	3248
7943	3249
8199	3250
8270	3251
8364	3252
8581	3253
8640	3254
8666	3255
8710	3256
8740	3257
8752	3258
8841	3259
8937	3260
25763	3261
25855	3262
26055	3263
26178	3264
26425	3265
26472	3266
26819	3267
26838	3268
27592	3269
27790	3270
27879	3271
30712	3272
31705	3273
34164	3274
34540	3275
36477	3276
39449	3277
41425	3278
41527	3279
42094	3280
44929	3281
47306	3282
50005	3283
51884	3284
55451	3285
58998	3286
59315	3287
60126	3288
60289	3289
60756	3290
60937	3291
61024	3292
61160	3293
61246	3294
61248	3295
61250	3296
61253	3297
61255	3298
61262	3299
4095	3300
5319	3301
24	3302
72	3303
101	3304
105	3305
123	3306
149	3307
151	3308
154	3309
164	3310
193	3311
263	3312
326	3313
441	3314
471	3315
481	3316
495	3317
514	3318
599	3319
645	3320
653	3321
702	3322
716	3323
735	3324
757	3325
823	3326
1068	3327
1069	3328
1156	3329
1177	3330
1238	3331
1406	3332
1419	3333
1483	3334
1545	3335
1546	3336
1604	3337
1699	3338
1804	3339
1875	3340
1904	3341
1966	3342
2066	3343
2075	3344
2238	3345
2460	3346
2483	3347
2575	3348
2602	3349
2632	3350
2664	3351
2839	3352
2917	3353
2931	3354
2964	3355
2972	3356
3018	3357
3038	3358
3090	3359
3218	3360
3223	3361
3272	3362
3344	3363
3364	3364
3377	3365
3384	3366
3429	3367
3473	3368
3521	3369
3587	3370
3588	3371
3620	3372
3727	3373
3728	3374
3832	3375
3845	3376
3855	3377
3970	3378
4104	3379
4271	3380
4294	3381
4296	3382
4428	3383
4497	3384
4500	3385
4533	3386
4649	3387
4654	3388
4658	3389
4671	3390
4697	3391
4708	3392
4716	3393
4775	3394
4785	3395
4794	3396
4798	3397
4826	3398
4847	3399
4888	3400
4903	3401
4914	3402
4970	3403
5026	3404
5056	3405
5068	3406
5088	3407
5119	3408
5121	3409
5297	3410
5304	3411
5351	3412
5390	3413
5410	3414
5451	3415
5475	3416
5488	3417
5494	3418
5604	3419
5640	3420
5653	3421
5693	3422
5770	3423
5780	3424
5792	3425
5891	3426
5951	3427
5959	3428
5980	3429
6021	3430
6093	3431
6126	3432
6132	3433
6134	3434
6162	3435
6226	3436
6258	3437
6268	3438
6271	3439
6288	3440
6301	3441
6395	3442
6416	3443
6506	3444
6509	3445
6530	3446
6581	3447
6599	3448
6609	3449
6617	3450
6646	3451
6649	3452
6782	3453
6815	3454
6842	3455
6890	3456
6921	3457
6978	3458
7024	3459
7029	3460
7043	3461
7071	3462
7076	3463
7123	3464
7126	3465
7136	3466
7176	3467
7235	3468
7299	3469
7301	3470
7328	3471
7377	3472
7561	3473
7586	3474
7637	3475
7748	3476
7749	3477
7759	3478
7802	3479
7817	3480
7889	3481
7895	3482
7897	3483
7899	3484
7913	3485
7937	3486
7938	3487
7939	3488
7981	3489
7982	3490
8039	3491
8143	3492
8188	3493
8196	3494
8608	3495
8645	3496
8656	3497
8684	3498
8738	3499
8748	3500
8749	3501
8751	3502
8786	3503
8906	3504
25805	3505
25916	3506
26052	3507
26082	3508
26094	3509
26172	3510
26231	3511
26713	3512
26770	3513
26810	3514
26915	3515
26965	3516
26974	3517
27317	3518
31522	3519
31584	3520
31588	3521
31590	3522
32387	3523
33564	3524
34155	3525
34528	3526
41014	3527
42632	3528
44657	3529
45635	3530
45666	3531
50794	3532
51080	3533
26870	3534
3002	3535
6368	3536
8609	3537
39414	3538
3959	3539
4930	3540
5033	3541
5120	3542
5366	3543
6257	3544
7762	3545
7932	3546
7959	3547
8772	3548
302	3549
48678	3550
522	3551
6567	3552
196	3553
1645	3554
1862	3555
2995	3556
5038	3557
5110	3558
25736	3559
25771	3560
26139	3561
26199	3562
26251	3563
26487	3564
26693	3565
26796	3566
26803	3567
27368	3568
27513	3569
27627	3570
27736	3571
27866	3572
32211	3573
33072	3574
34002	3575
34018	3576
34499	3577
37211	3578
38499	3579
38824	3580
44788	3581
45664	3582
46231	3583
47202	3584
47446	3585
47937	3586
47940	3587
48584	3588
48682	3589
48856	3590
49263	3591
50858	3592
51014	3593
51174	3594
51304	3595
51911	3596
52005	3597
52227	3598
52241	3599
52448	3600
52561	3601
52644	3602
52950	3603
53127	3604
53189	3605
53207	3606
53435	3607
53887	3608
54196	3609
54372	3610
54510	3611
54691	3612
54796	3613
54958	3614
54978	3615
55094	3616
55110	3617
55498	3618
56028	3619
56060	3620
56274	3621
56715	3622
56748	3623
57910	3624
58105	3625
58299	3626
58303	3627
58332	3628
58334	3629
58367	3630
58490	3631
58783	3632
58975	3633
59022	3634
59026	3635
59065	3636
59105	3637
59290	3638
59362	3639
59519	3640
59604	3641
59729	3642
59738	3643
59834	3644
59915	3645
60044	3646
60363	3647
60393	3648
60421	3649
60530	3650
60566	3651
60688	3652
60832	3653
61073	3654
61075	3655
61354	3656
61473	3657
61961	3658
61970	3659
63121	3660
1881	3661
6687	3662
7320	3663
8833	3664
32300	3665
41573	3666
41617	3667
42007	3668
6817	3669
937	3670
943	3671
2390	3672
4036	3673
4795	3674
6499	3675
31903	3676
49220	3677
52975	3678
62293	3679
50804	3680
2318	3681
54997	3682
1799	3683
53460	3684
5507	3685
5810	3686
1409	3687
42740	3688
6990	3689
869	3690
1841	3691
2088	3692
2261	3693
3265	3694
3405	3695
5134	3696
5936	3697
6744	3698
7165	3699
7187	3700
7257	3701
8392	3702
8884	3703
26064	3704
34482	3705
44193	3706
47725	3707
52717	3708
53161	3709
56001	3710
56389	3711
60411	3712
8167	3713
5817	3714
27820	3715
47044	3716
5694	3717
6107	3718
55566	3719
1031	3720
2027	3721
2046	3722
2166	3723
3397	3724
3398	3725
4812	3726
5073	3727
5602	3728
4158	3729
5323	3730
5612	3731
7017	3732
27735	3733
54787	3734
1153	3735
3292	3736
5169	3737
5289	3738
5699	3739
6515	3740
6830	3741
7195	3742
8016	3743
8236	3744
8494	3745
8766	3746
8767	3747
25927	3748
25930	3749
46723	3750
55063	3751
55276	3752
55805	3753
56152	3754
58191	3755
58879	3756
59118	3757
59336	3758
60766	3759
60943	3760
61236	3761
61357	3762
61729	3763
62250	3764
62344	3765
62511	3766
63062	3767
63446	3768
63808	3769
63992	3770
64229	3771
64575	3772
64620	3773
64622	3774
64701	3775
65130	3776
2497	3777
1450	3778
4788	3779
5888	3780
5889	3781
6492	3782
8794	3783
27340	3784
27648	3785
4159	3786
3747	3787
4250	3788
48560	3789
49	3790
50798	3791
3675	3792
5111	3793
250	3794
455	3795
673	3796
1015	3797
4748	3798
4750	3799
6618	3800
4378	3801
1747	3802
3565	3803
6550	3804
6881	3805
8753	3806
27850	3807
46972	3808
47997	3809
48997	3810
53972	3811
38188	3812
3702	3813
31696	3814
49822	3815
1586	3816
42021	3817
49314	3818
59387	3819
2248	3820
71	3821
78	3822
79	3823
82	3824
156	3825
176	3826
249	3827
315	3828
379	3829
416	3830
490	3831
521	3832
550	3833
574	3834
611	3835
696	3836
737	3837
766	3838
842	3839
864	3840
891	3841
996	3842
1043	3843
1342	3844
1379	3845
1447	3846
1480	3847
1502	3848
1726	3849
1753	3850
1840	3851
1970	3852
1971	3853
1975	3854
1983	3855
2024	3856
2130	3857
2247	3858
2263	3859
2269	3860
2280	3861
2283	3862
2314	3863
2328	3864
2381	3865
2387	3866
2416	3867
2457	3868
2518	3869
2528	3870
2570	3871
2590	3872
2668	3873
2688	3874
2702	3875
2794	3876
2829	3877
2867	3878
2883	3879
3145	3880
3173	3881
3203	3882
3219	3883
3505	3884
3525	3885
3705	3886
3707	3887
3760	3888
3981	3889
4084	3890
4167	3891
4280	3892
4355	3893
4522	3894
4601	3895
4876	3896
4932	3897
5000	3898
5161	3899
5283	3900
5335	3901
5569	3902
5637	3903
5689	3904
5731	3905
5769	3906
6290	3907
6548	3908
6678	3909
6707	3910
6961	3911
7167	3912
7521	3913
8505	3914
8737	3915
8807	3916
26241	3917
26414	3918
26464	3919
26465	3920
26677	3921
27584	3922
27608	3923
27664	3924
31408	3925
33454	3926
33592	3927
40412	3928
42721	3929
46572	3930
49526	3931
49528	3932
55245	3933
55255	3934
55257	3935
7572	3936
1014	3937
39398	3938
1461	3939
4291	3940
6659	3941
7846	3942
53953	3943
55444	3944
65037	3945
43921	3946
35957	3947
420	3948
188	3949
4954	3950
125	3951
371	3952
1392	3953
1670	3954
1797	3955
2054	3956
2237	3957
2759	3958
2799	3959
2912	3960
3399	3961
3422	3962
4304	3963
4380	3964
4741	3965
4967	3966
5074	3967
5102	3968
5420	3969
5421	3970
5450	3971
5632	3972
5785	3973
6159	3974
6873	3975
7366	3976
7451	3977
6583	3978
52321	3979
7360	3980
31035	3981
37475	3982
2598	3983
4945	3984
43869	3985
2394	3986
6183	3987
6765	3988
6886	3989
7085	3990
7177	3991
8385	3992
34608	3993
48412	3994
48600	3995
31150	3996
4443	3997
6143	3998
6663	3999
7570	4000
8596	4001
51678	4002
8	4003
15	4004
44	4005
48	4006
121	4007
158	4008
178	4009
261	4010
280	4011
362	4012
374	4013
466	4014
488	4015
511	4016
554	4017
616	4018
636	4019
709	4020
743	4021
837	4022
880	4023
927	4024
945	4025
1006	4026
1009	4027
1010	4028
1012	4029
1016	4030
1019	4031
1024	4032
1033	4033
1135	4034
1140	4035
1286	4036
1346	4037
1361	4038
1366	4039
1367	4040
1373	4041
1496	4042
1554	4043
1643	4044
1650	4045
1674	4046
1684	4047
1717	4048
1735	4049
1816	4050
1911	4051
1919	4052
1995	4053
1996	4054
2002	4055
2025	4056
2048	4057
2089	4058
2120	4059
2121	4060
2122	4061
2135	4062
2138	4063
2139	4064
2158	4065
2187	4066
2201	4067
2211	4068
2243	4069
2249	4070
2257	4071
2294	4072
2371	4073
2376	4074
2414	4075
2433	4076
2450	4077
2461	4078
2517	4079
2549	4080
2581	4081
2687	4082
2736	4083
2779	4084
2793	4085
2820	4086
2848	4087
2852	4088
2857	4089
2882	4090
2899	4091
2902	4092
2903	4093
2941	4094
2946	4095
2989	4096
2990	4097
3068	4098
3102	4099
3130	4100
3174	4101
3204	4102
3208	4103
3271	4104
3278	4105
3301	4106
3311	4107
3420	4108
3489	4109
3513	4110
3528	4111
3543	4112
3549	4113
3563	4114
3604	4115
3615	4116
3624	4117
3672	4118
3756	4119
3775	4120
3776	4121
3811	4122
3820	4123
3984	4124
3985	4125
3993	4126
4063	4127
4153	4128
4193	4129
4221	4130
4368	4131
4402	4132
4545	4133
4562	4134
4613	4135
4636	4136
4686	4137
4703	4138
4705	4139
4706	4140
4753	4141
4792	4142
4799	4143
4868	4144
4919	4145
4956	4146
4980	4147
5002	4148
5003	4149
5009	4150
5014	4151
5032	4152
5034	4153
5076	4154
5090	4155
5143	4156
5144	4157
5300	4158
5341	4159
5398	4160
5439	4161
5442	4162
5480	4163
5541	4164
5555	4165
5629	4166
5642	4167
5721	4168
5756	4169
5761	4170
5829	4171
5927	4172
5930	4173
5931	4174
5975	4175
5981	4176
5990	4177
5994	4178
6037	4179
6068	4180
6086	4181
6088	4182
6116	4183
6158	4184
6181	4185
6211	4186
6234	4187
6345	4188
6366	4189
6429	4190
6503	4191
6536	4192
6568	4193
6680	4194
6700	4195
6732	4196
6747	4197
6749	4198
6779	4199
6780	4200
6781	4201
6794	4202
6864	4203
6877	4204
6880	4205
6889	4206
6896	4207
6924	4208
6925	4209
6979	4210
6984	4211
6999	4212
7018	4213
7033	4214
7049	4215
7050	4216
7053	4217
7054	4218
7055	4219
7073	4220
7079	4221
7091	4222
7092	4223
7102	4224
7132	4225
7164	4226
7178	4227
7215	4228
7228	4229
7236	4230
7307	4231
7374	4232
7446	4233
7481	4234
7573	4235
7579	4236
7581	4237
7647	4238
7702	4239
7705	4240
7714	4241
7770	4242
7842	4243
7933	4244
8008	4245
8015	4246
8092	4247
8140	4248
8207	4249
8332	4250
8372	4251
8393	4252
8401	4253
8404	4254
8516	4255
8532	4256
8542	4257
8574	4258
8768	4259
8773	4260
8829	4261
8887	4262
8898	4263
8924	4264
8978	4265
8979	4266
8989	4267
25753	4268
25870	4269
25891	4270
25963	4271
25996	4272
26084	4273
26388	4274
26398	4275
26479	4276
26495	4277
26550	4278
26566	4279
27801	4280
27875	4281
31156	4282
31467	4283
32058	4284
33312	4285
33725	4286
37736	4287
39381	4288
40946	4289
42002	4290
43556	4291
43836	4292
44168	4293
44494	4294
44972	4295
45981	4296
46337	4297
46772	4298
47200	4299
47394	4300
47805	4301
48161	4302
48883	4303
49647	4304
49793	4305
51412	4306
52458	4307
53466	4308
53974	4309
53988	4310
54004	4311
54274	4312
54775	4313
55278	4314
56145	4315
56156	4316
56158	4317
56563	4318
57509	4319
58156	4320
58291	4321
58839	4322
60291	4323
61465	4324
62081	4325
62394	4326
62434	4327
62851	4328
62999	4329
64030	4330
64034	4331
64957	4332
64983	4333
765	4334
885	4335
2900	4336
3029	4337
3669	4338
3805	4339
4574	4340
4714	4341
5382	4342
6483	4343
6995	4344
7492	4345
8849	4346
33966	4347
708	4348
56167	4349
54190	4350
4377	4351
49274	4352
3626	4353
3300	4354
3745	4355
4475	4356
6193	4357
6383	4358
6996	4359
8371	4360
8531	4361
8810	4362
37382	4363
4241	4364
2342	4365
6230	4366
48593	4367
37720	4368
5334	4369
27838	4370
7331	4371
8035	4372
8198	4373
25904	4374
4010	4375
1687	4376
5312	4377
55721	4378
59910	4379
60647	4380
3614	4381
404	4382
692	4383
833	4384
1119	4385
1599	4386
1606	4387
2421	4388
2527	4389
2646	4390
2647	4391
2649	4392
2650	4393
2653	4394
2748	4395
2841	4396
3015	4397
3169	4398
3459	4399
3483	4400
3534	4401
3877	4402
3905	4403
3928	4404
3937	4405
4030	4406
4082	4407
4198	4408
4486	4409
4638	4410
4652	4411
4653	4412
4666	4413
4696	4414
4756	4415
4786	4416
4800	4417
4846	4418
4909	4419
4966	4420
5389	4421
5500	4422
5764	4423
6255	4424
6392	4425
6665	4426
6721	4427
6722	4428
6723	4429
6913	4430
7309	4431
7324	4432
7811	4433
7886	4434
7900	4435
8769	4436
8907	4437
8960	4438
25962	4439
26249	4440
26492	4441
31101	4442
33615	4443
34153	4444
38600	4445
55768	4446
1049	4447
3241	4448
7901	4449
8189	4450
157	4451
1887	4452
4474	4453
6484	4454
6614	4455
3178	4456
5686	4457
43708	4458
44004	4459
2578	4460
54934	4461
57464	4462
368	4463
2128	4464
2171	4465
4152	4466
4941	4467
3330	4468
6245	4469
8571	4470
50229	4471
55851	4472
1829	4473
2934	4474
4391	4475
4978	4476
5759	4477
6382	4478
33672	4479
37857	4480
38994	4481
41575	4482
43910	4483
44197	4484
44864	4485
6220	4486
37739	4487
59440	4488
26614	4489
830	4490
3914	4491
4248	4492
6367	4493
6974	4494
8010	4495
27899	4496
31263	4497
33621	4498
52952	4499
6460	4500
6975	4501
8367	4502
42015	4503
5177	4504
6914	4505
4297	4506
4591	4507
6939	4508
32853	4509
44633	4510
47117	4511
48262	4512
52579	4513
54281	4514
54881	4515
55286	4516
55830	4517
58622	4518
59037	4519
1866	4520
2334	4521
3789	4522
62198	4523
2435	4524
3518	4525
1754	4526
6893	4527
8604	4528
8605	4529
1060	4530
2148	4531
2149	4532
2633	4533
2635	4534
2636	4535
2637	4536
2638	4537
2868	4538
4532	4539
4767	4540
5160	4541
5195	4542
5210	4543
5313	4544
5413	4545
7027	4546
1727	4547
3388	4548
6212	4549
33815	4550
37844	4551
40581	4552
40962	4553
40964	4554
42009	4555
42013	4556
42732	4557
44397	4558
48414	4559
51927	4560
54278	4561
55259	4562
56176	4563
1429	4564
27193	4565
59721	4566
2073	4567
2445	4568
2827	4569
3066	4570
3619	4571
8939	4572
483	4573
964	4574
1103	4575
1846	4576
1998	4577
1999	4578
2179	4579
2182	4580
2218	4581
2223	4582
2519	4583
2594	4584
2747	4585
2937	4586
3016	4587
3055	4588
3058	4589
3194	4590
3202	4591
3238	4592
3305	4593
3340	4594
3833	4595
3836	4596
3918	4597
3931	4598
3933	4599
4251	4600
4406	4601
4811	4602
4837	4603
5058	4604
5184	4605
5193	4606
5327	4607
5473	4608
5712	4609
5899	4610
6229	4611
6273	4612
6396	4613
6436	4614
6699	4615
6796	4616
7056	4617
7080	4618
7245	4619
7459	4620
7728	4621
7881	4622
7952	4623
8044	4624
8133	4625
8136	4626
8183	4627
8491	4628
8496	4629
8600	4630
8903	4631
26101	4632
26616	4633
27869	4634
31225	4635
31952	4636
47894	4637
47907	4638
48879	4639
49130	4640
55071	4641
7844	4642
6966	4643
62155	4644
62849	4645
62956	4646
5425	4647
7809	4648
33124	4649
1969	4650
1972	4651
1976	4652
1977	4653
1979	4654
1981	4655
1985	4656
1986	4657
2107	4658
5476	4659
5691	4660
5697	4661
5766	4662
6615	4663
2050	4664
2051	4665
3358	4666
5127	4667
5477	4668
6743	4669
7030	4670
7369	4671
8633	4672
33830	4673
1899	4674
4089	4675
4259	4676
4415	4677
4834	4678
5083	4679
5428	4680
2375	4681
2491	4682
3385	4683
4113	4684
6187	4685
6452	4686
6768	4687
7379	4688
59795	4689
4180	4690
62437	4691
3261	4692
27765	4693
4470	4694
6286	4695
31785	4696
39052	4697
7843	4698
1789	4699
26349	4700
26840	4701
632	4702
2388	4703
6041	4704
6963	4705
8011	4706
8930	4707
94	4708
444	4709
724	4710
753	4711
2463	4712
2496	4713
3557	4714
4700	4715
5316	4716
6351	4717
8808	4718
32019	4719
547	4720
1128	4721
2958	4722
5832	4723
7158	4724
45440	4725
8375	4726
8982	4727
3257	4728
4218	4729
6269	4730
6763	4731
4073	4732
4155	4733
5103	4734
7648	4735
474	4736
2162	4737
2694	4738
5449	4739
147	4740
220	4741
407	4742
459	4743
482	4744
610	4745
1454	4746
1648	4747
1773	4748
1987	4749
2072	4750
2147	4751
2553	4752
2582	4753
2615	4754
2924	4755
3019	4756
3141	4757
3226	4758
3267	4759
3544	4760
3679	4761
3680	4762
3692	4763
3696	4764
3700	4765
3725	4766
3863	4767
4003	4768
4006	4769
4222	4770
4396	4771
4438	4772
4440	4773
4441	4774
4541	4775
4614	4776
4617	4777
4633	4778
4899	4779
5137	4780
5153	4781
5205	4782
5244	4783
5290	4784
5305	4785
5331	4786
5705	4787
5715	4788
5730	4789
5763	4790
5771	4791
5844	4792
5983	4793
6379	4794
6519	4795
6582	4796
6820	4797
7036	4798
7222	4799
7742	4800
7815	4801
8142	4802
8158	4803
8258	4804
8854	4805
26117	4806
26494	4807
26513	4808
26544	4809
26585	4810
26629	4811
26681	4812
26842	4813
26950	4814
27109	4815
27402	4816
27563	4817
27812	4818
27873	4819
30745	4820
32469	4821
33085	4822
36752	4823
43011	4824
46347	4825
50147	4826
51127	4827
51498	4828
54785	4829
58301	4830
59306	4831
64368	4832
4293	4833
6992	4834
7814	4835
26155	4836
7075	4837
69	4838
208	4839
317	4840
435	4841
558	4842
867	4843
986	4844
1489	4845
1646	4846
2102	4847
2123	4848
2142	4849
2380	4850
2383	4851
2798	4852
3254	4853
3273	4854
3825	4855
4090	4856
4519	4857
5159	4858
5264	4859
5572	4860
5672	4861
5765	4862
5879	4863
6294	4864
6764	4865
6958	4866
7150	4867
7161	4868
7174	4869
7790	4870
8363	4871
8809	4872
8835	4873
8859	4874
8952	4875
8968	4876
8972	4877
27391	4878
27808	4879
33437	4880
34129	4881
34530	4882
36397	4883
36537	4884
37477	4885
40574	4886
43558	4887
43912	4888
43926	4889
43936	4890
45183	4891
45442	4892
46335	4893
46865	4894
47382	4895
48322	4896
50442	4897
50796	4898
52712	4899
54995	4900
49396	4901
1425	4902
5	4903
2436	4904
56286	4905
1531	4906
3631	4907
4389	4908
7615	4909
42736	4910
43744	4911
51094	4912
57274	4913
64614	4914
64993	4915
7321	4916
6535	4917
1809	4918
3289	4919
6790	4920
48061	4921
5870	4922
1050	4923
3172	4924
6520	4925
8795	4926
56003	4927
4740	4928
55250	4929
114	4930
3734	4931
45062	4932
49276	4933
5986	4934
950	4935
5027	4936
6014	4937
7834	4938
56511	4939
58876	4940
55555	4941
3452	4942
3479	4943
4442	4944
27604	4945
44889	4946
2191	4947
4052	4948
4935	4949
7114	4950
8732	4951
48872	4952
3879	4953
6401	4954
6455	4955
6652	4956
6809	4957
6812	4958
8334	4959
8446	4960
25934	4961
26181	4962
2718	4963
31148	4964
38198	4965
42602	4966
44301	4967
44849	4968
46839	4969
55726	4970
58306	4971
58309	4972
58351	4973
59478	4974
60137	4975
6954	4976
8121	4977
53447	4978
55553	4979
3387	4980
4679	4981
3784	4982
59590	4983
86	4984
4951	4985
2275	4986
4565	4987
6624	4988
7345	4989
31367	4990
43917	4991
65006	4992
7302	4993
8908	4994
26462	4995
48520	4996
225	4997
2889	4998
3998	4999
6959	5000
4236	5001
6195	5002
1888	5003
2272	5004
2881	5005
5415	5006
7450	5007
563	5008
1192	5009
2994	5010
4272	5011
4769	5012
4778	5013
6612	5014
6682	5015
7141	5016
8377	5017
55156	5018
59607	5019
61048	5020
32584	5021
64285	5022
332	5023
704	5024
1168	5025
1349	5026
2554	5027
2655	5028
2822	5029
2983	5030
3103	5031
3691	5032
4120	5033
4219	5034
4425	5035
4514	5036
5140	5037
6096	5038
6316	5039
6523	5040
6668	5041
7120	5042
7225	5043
51088	5044
59731	5045
974	5046
1189	5047
1413	5048
6182	5049
6761	5050
7211	5051
8522	5052
8933	5053
9000	5054
25943	5055
26524	5056
27186	5057
27255	5058
27376	5059
27716	5060
33558	5061
40010	5062
40337	5063
49422	5064
50658	5065
51991	5066
52767	5067
53769	5068
54331	5069
55178	5070
55274	5071
56719	5072
57243	5073
57504	5074
57792	5075
58347	5076
58706	5077
58806	5078
60046	5079
60147	5080
60295	5081
60418	5082
60763	5083
5021	5084
3205	5085
5157	5086
6002	5087
26002	5088
1627	5089
7410	5090
36539	5091
39441	5092
49910	5093
53	5094
321	5095
448	5096
529	5097
1901	5098
2697	5099
3037	5100
4773	5101
4813	5102
4830	5103
5619	5104
6676	5105
6775	5106
8987	5107
8273	5108
376	5109
1438	5110
1833	5111
50011	5112
2430	5113
2444	5114
3150	5115
3569	5116
5150	5117
27005	5118
59295	5119
4312	5120
918	5121
8800	5122
2802	5123
6769	5124
32017	5125
36509	5126
4342	5127
893	5128
51037	5129
469	5130
559	5131
7011	5132
4640	5133
4061	5134
5401	5135
32392	5136
888	5137
1389	5138
1973	5139
1980	5140
1984	5141
2378	5142
2379	5143
2382	5144
8387	5145
8813	5146
8938	5147
6540	5148
4265	5149
6265	5150
7381	5151
168	5152
32781	5153
47330	5154
436	5155
637	5156
2377	5157
2533	5158
3658	5159
3770	5160
3889	5161
3926	5162
4131	5163
4411	5164
4544	5165
4939	5166
5522	5167
5789	5168
5855	5169
6094	5170
6428	5171
7292	5172
8427	5173
6322	5174
6487	5175
7376	5176
8967	5177
33138	5178
33499	5179
34326	5180
36523	5181
54276	5182
54648	5183
54732	5184
54768	5185
54771	5186
55080	5187
50842	5188
144	5189
638	5190
818	5191
1442	5192
1760	5193
1836	5194
2405	5195
2870	5196
3138	5197
3144	5198
3189	5199
3526	5200
3591	5201
3852	5202
3921	5203
4080	5204
7395	5205
7398	5206
7831	5207
7832	5208
7833	5209
7835	5210
8252	5211
5095	5212
8667	5213
5957	5214
4390	5215
67	5216
639	5217
1051	5218
1353	5219
1401	5220
1465	5221
1477	5222
1605	5223
1624	5224
1660	5225
2295	5226
2310	5227
2417	5228
2482	5229
2538	5230
2805	5231
3007	5232
3051	5233
3116	5234
3135	5235
3423	5236
4276	5237
4300	5238
4346	5239
4517	5240
4646	5241
4849	5242
4851	5243
4977	5244
5310	5245
5392	5246
5435	5247
5530	5248
6202	5249
6433	5250
6770	5251
6827	5252
7051	5253
7152	5254
7229	5255
7480	5256
7613	5257
7888	5258
8397	5259
8639	5260
8955	5261
26078	5262
26085	5263
26271	5264
26375	5265
27792	5266
30848	5267
31042	5268
31689	5269
32261	5270
33838	5271
40952	5272
47778	5273
50149	5274
50162	5275
50792	5276
51903	5277
52287	5278
53921	5279
54284	5280
55267	5281
2593	5282
8094	5283
27905	5284
248	5285
707	5286
1620	5287
1883	5288
1589	5289
1570	5290
3013	5291
4552	5292
5433	5293
5833	5294
7202	5295
8803	5296
5250	5297
6938	5298
45503	5299
1303	5300
25999	5301
26148	5302
33832	5303
64716	5304
533	5305
7440	5306
2210	5307
27491	5308
27882	5309
32011	5310
6486	5311
6844	5312
7137	5313
230	5314
8012	5315
4301	5316
8117	5317
27843	5318
58293	5319
973	5320
2136	5321
2639	5322
2660	5323
3222	5324
3350	5325
4047	5326
4957	5327
5118	5328
5196	5329
5231	5330
5245	5331
6498	5332
6997	5333
7062	5334
7743	5335
7840	5336
8191	5337
8660	5338
25752	5339
25757	5340
25773	5341
25795	5342
26555	5343
32139	5344
65	5345
798	5346
882	5347
2735	5348
2815	5349
2816	5350
3441	5351
3519	5352
4207	5353
4566	5354
4567	5355
5246	5356
8362	5357
9004	5358
32596	5359
49280	5360
51705	5361
5678	5362
5901	5363
50151	5364
52668	5365
1885	5366
3637	5367
4072	5368
5426	5369
5963	5370
6118	5371
7199	5372
7883	5373
8602	5374
8845	5375
8980	5376
25993	5377
26211	5378
57550	5379
59141	5380
