org_id	remap_id
5264	0
1451	1
1574	2
4121	3
5215	4
7	5
742	6
146	7
150	8
2596	9
55	10
11371	11
93	12
79	13
712	14
410	15
186	16
5074	17
280	18
669	19
753	20
1181	21
5583	22
289	23
615	24
61	25
701	26
4936	27
4989	28
5876	29
1858	30
4568	31
104	32
51	33
49	34
50	35
371	36
13	37
754	38
1184	39
54	40
74	41
195	42
364	43
472	44
3137	45
24	46
480	47
2621	48
1188	49
53	50
97	51
473	52
167	53
1194	54
5209	55
605	56
1061	57
5487	58
148	59
1459	60
64	61
193	62
238	63
459	64
1065	65
145	66
366	67
1186	68
337	69
1470	70
2399	71
770	72
219	73
247	74
1545	75
80	76
502	77
99	78
232	79
382	80
1064	81
184	82
586	83
583	84
13597	85
7009	86
418	87
4698	88
541	89
1610	90
619	91
717	92
2585	93
398	94
2732	95
4861	96
746	97
2341	98
1727	99
11029	100
1761	101
1259	102
485	103
2611	104
412	105
1320	106
3	107
226	108
328	109
69	110
623	111
535	112
59	113
136	114
1511	115
916	116
1010	117
7803	118
971	119
312	120
554	121
415	122
169	123
3020	124
7167	125
2871	126
2629	127
330	128
633	129
752	130
1460	131
1738	132
1472	133
1582	134
396	135
1782	136
4212	137
5323	138
25	139
1852	140
2990	141
6170	142
399	143
1911	144
618	145
7675	146
1558	147
538	148
2733	149
57	150
2753	151
413	152
900	153
944	154
449	155
252	156
611	157
699	158
2742	159
1595	160
880	161
634	162
110	163
4577	164
871	165
34	166
2572	167
525	168
622	169
729	170
6633	171
2743	172
6631	173
1500	174
2206	175
1480	176
1222	177
1809	178
1876	179
119	180
1803	181
647	182
506	183
1239	184
892	185
292	186
2241	187
4856	188
1304	189
1450	190
4616	191
4858	192
196	193
1123	194
1176	195
427	196
4862	197
189	198
740	199
1452	200
4857	201
777	202
23	203
1133	204
2977	205
1136	206
610	207
2323	208
27	209
896	210
5153	211
465	212
488	213
4164	214
4724	215
6140	216
263	217
1576	218
46	219
369	220
374	221
257	222
666	223
5534	224
2196	225
12	226
2260	227
6176	228
7161	229
1846	230
1542	231
885	232
678	233
1764	234
997	235
237	236
3737	237
638	238
884	239
156	240
310	241
243	242
254	243
1608	244
560	245
478	246
792	247
1126	248
2012	249
5393	250
629	251
6091	252
1471	253
2828	254
67	255
265	256
1755	257
4245	258
458	259
3235	260
772	261
279	262
2955	263
775	264
314	265
1102	266
641	267
5439	268
607	269
716	270
203	271
561	272
595	273
765	274
1551	275
4450	276
2622	277
135	278
655	279
899	280
7425	281
5724	282
7391	283
1121	284
4805	285
614	286
3736	287
5543	288
1715	289
657	290
125	291
235	292
2371	293
62	294
4618	295
689	296
9816	297
155	298
1457	299
4098	300
4084	301
1253	302
5236	303
5281	304
747	305
497	306
4741	307
4854	308
696	309
60	310
687	311
985	312
21	313
4401	314
4793	315
1765	316
1398	317
351	318
1023	319
397	320
2044	321
161	322
935	323
4448	324
1759	325
1888	326
4157	327
367	328
7876	329
2960	330
456	331
305	332
7734	333
2577	334
517	335
4315	336
1162	337
582	338
2541	339
2239	340
4251	341
1646	342
4994	343
1134	344
2164	345
870	346
326	347
3420	348
1455	349
816	350
253	351
7867	352
580	353
16077	354
16355	355
319	356
331	357
4770	358
8905	359
686	360
4804	361
940	362
1344	363
4297	364
375	365
962	366
1504	367
1630	368
4309	369
8	370
421	371
555	372
761	373
5137	374
1140	375
5134	376
651	377
2998	378
2513	379
1596	380
2247	381
1937	382
2243	383
2189	384
66	385
2603	386
2612	387
2614	388
2618	389
42	390
2597	391
1954	392
2593	393
41	394
2202	395
1826	396
2364	397
6565	398
1091	399
2671	400
534	401
272	402
201	403
2538	404
4491	405
7408	406
1124	407
4780	408
4578	409
1652	410
7704	411
596	412
2947	413
5214	414
1974	415
77	416
71	417
7407	418
7697	419
7709	420
176	421
5864	422
5035	423
7706	424
1295	425
5173	426
7695	427
5301	428
1434	429
2293	430
4938	431
5780	432
7069	433
7705	434
644	435
450	436
2953	437
295	438
7888	439
6932	440
4381	441
2898	442
172	443
214	444
339	445
945	446
715	447
177	448
1735	449
630	450
2684	451
1094	452
1478	453
4571	454
419	455
7455	456
12889	457
967	458
255	459
1440	460
1097	461
11348	462
901	463
1535	464
1314	465
1508	466
2328	467
2983	468
2389	469
5391	470
727	471
1494	472
76	473
6094	474
2132	475
85	476
4050	477
6748	478
429	479
730	480
2663	481
4376	482
4377	483
4112	484
4114	485
4125	486
4115	487
4140	488
4139	489
4138	490
4111	491
4117	492
6439	493
496	494
927	495
4668	496
293	497
567	498
1141	499
6136	500
4925	501
3196	502
6514	503
5193	504
113	505
1519	506
571	507
608	508
2	509
130	510
890	511
1906	512
2070	513
6638	514
1217	515
1628	516
1656	517
6341	518
704	519
6339	520
134	521
711	522
625	523
4674	524
15073	525
1706	526
4385	527
2153	528
2490	529
308	530
664	531
11630	532
3840	533
2162	534
14161	535
14160	536
5188	537
2401	538
3092	539
563	540
267	541
13200	542
276	543
3019	544
4719	545
3508	546
14181	547
1120	548
1565	549
236	550
635	551
5012	552
2642	553
266	554
4523	555
763	556
714	557
721	558
5230	559
6522	560
4000	561
114	562
9473	563
910	564
1528	565
1353	566
2374	567
8384	568
4065	569
9538	570
1526	571
1783	572
10489	573
122	574
250	575
5783	576
2905	577
891	578
952	579
2694	580
4370	581
210	582
1944	583
3214	584
12164	585
4354	586
3269	587
5183	588
5614	589
4485	590
4707	591
4731	592
2994	593
889	594
2254	595
9884	596
12141	597
12307	598
1680	599
2966	600
6555	601
296	602
1260	603
7459	604
741	605
3586	606
5998	607
4974	608
7745	609
22	610
2889	611
6200	612
2687	613
2686	614
2418	615
2460	616
56	617
3633	618
2470	619
493	620
12774	621
1579	622
3386	623
3421	624
5206	625
2709	626
3717	627
2312	628
342	629
348	630
5623	631
4980	632
10523	633
2431	634
3842	635
1057	636
1561	637
1775	638
564	639
1571	640
1785	641
2381	642
1318	643
2546	644
15383	645
5285	646
5156	647
5774	648
455	649
29	650
14519	651
298	652
1216	653
1219	654
4282	655
261	656
965	657
240	658
8883	659
4250	660
2422	661
2902	662
1896	663
515	664
1832	665
6372	666
1000	667
7682	668
7683	669
606	670
1822	671
6699	672
6395	673
361	674
6392	675
6402	676
4344	677
6393	678
662	679
83	680
2136	681
4294	682
612	683
627	684
139	685
620	686
628	687
609	688
386	689
1928	690
2693	691
3983	692
2878	693
1800	694
10390	695
6	696
4594	697
893	698
2786	699
3892	700
1515	701
566	702
2729	703
4899	704
245	705
5791	706
249	707
3919	708
3556	709
3822	710
4979	711
3470	712
3880	713
2956	714
447	715
2441	716
4574	717
5151	718
2362	719
5480	720
1773	721
521	722
2066	723
1710	724
1107	725
78	726
4827	727
675	728
4924	729
213	730
244	731
793	732
5211	733
137	734
2295	735
1095	736
504	737
10240	738
3022	739
4815	740
1395	741
4406	742
1685	743
100	744
5678	745
10145	746
1662	747
1695	748
5024	749
10361	750
11289	751
1720	752
2958	753
1569	754
1872	755
36	756
7022	757
996	758
5045	759
138	760
5803	761
102	762
187	763
346	764
4293	765
5325	766
143	767
2965	768
1331	769
2717	770
5917	771
7056	772
11178	773
13695	774
2926	775
737	776
2925	777
5764	778
7462	779
420	780
35	781
446	782
5754	783
779	784
7973	785
4711	786
750	787
1812	788
8886	789
663	790
1749	791
4305	792
2978	793
2957	794
1699	795
1663	796
173	797
1829	798
5965	799
38	800
7390	801
1900	802
4570	803
7071	804
1523	805
1682	806
1675	807
2177	808
1410	809
9694	810
4287	811
8279	812
10457	813
1694	814
1364	815
706	816
1135	817
1316	818
1382	819
8917	820
9653	821
8887	822
11276	823
1230	824
8613	825
726	826
12805	827
7339	828
946	829
461	830
2316	831
2207	832
5708	833
908	834
15138	835
980	836
2809	837
8131	838
4497	839
4564	840
4457	841
2657	842
5759	843
5666	844
673	845
1036	846
1583	847
5827	848
1509	849
505	850
1423	851
924	852
603	853
4592	854
1825	855
12001	856
15053	857
723	858
4660	859
7468	860
1866	861
9325	862
1041	863
9446	864
209	865
5559	866
1843	867
5829	868
794	869
553	870
4348	871
6435	872
2567	873
225	874
977	875
5729	876
200	877
4702	878
9256	879
118	880
499	881
1820	882
166	883
5689	884
258	885
13033	886
1513	887
2672	888
904	889
220	890
883	891
2144	892
4772	893
4907	894
207	895
692	896
14524	897
7458	898
11910	899
1115	900
8891	901
2959	902
334	903
491	904
2741	905
5865	906
7838	907
1932	908
1815	909
380	910
2670	911
6635	912
6382	913
528	914
2139	915
1308	916
1518	917
9870	918
1946	919
1927	920
762	921
7052	922
7050	923
501	924
12820	925
360	926
269	927
4183	928
4271	929
1554	930
565	931
556	932
781	933
791	934
780	935
224	936
353	937
352	938
354	939
152	940
1853	941
1367	942
6367	943
7026	944
1566	945
2359	946
6298	947
2406	948
304	949
2393	950
2452	951
2315	952
6804	953
7020	954
6299	955
2877	956
907	957
58	958
3629	959
3916	960
5071	961
157	962
3081	963
7025	964
9	965
888	966
3873	967
1111	968
306	969
6205	970
13172	971
1997	972
5512	973
8614	974
8970	975
1736	976
1841	977
1117	978
1299	979
4072	980
2425	981
3023	982
2333	983
1469	984
5262	985
7108	986
1716	987
2916	988
4900	989
1647	990
5021	991
7101	992
1613	993
1530	994
1277	995
1654	996
5013	997
5837	998
1054	999
387	1000
13992	1001
6238	1002
2474	1003
4973	1004
2159	1005
2384	1006
2579	1007
2348	1008
14326	1009
2658	1010
294	1011
2446	1012
300	1013
760	1014
6388	1015
2459	1016
7372	1017
1297	1018
6308	1019
4343	1020
2481	1021
1368	1022
142	1023
958	1024
2082	1025
117	1026
1060	1027
1641	1028
7388	1029
8386	1030
587	1031
10494	1032
1106	1033
5097	1034
5096	1035
2540	1036
90	1037
2581	1038
16158	1039
2158	1040
11619	1041
11468	1042
16073	1043
4666	1044
5711	1045
510	1046
11070	1047
4670	1048
4366	1049
10750	1050
13617	1051
6037	1052
16076	1053
8604	1054
4358	1055
4353	1056
4536	1057
16072	1058
8938	1059
199	1060
9064	1061
1458	1062
284	1063
7753	1064
2187	1065
1456	1066
1524	1067
1438	1068
12156	1069
7713	1070
2688	1071
4736	1072
1085	1073
1087	1074
4528	1075
365	1076
2261	1077
2155	1078
1553	1079
2398	1080
2444	1081
278	1082
4356	1083
4363	1084
4349	1085
4365	1086
2987	1087
1373	1088
732	1089
4740	1090
9781	1091
4690	1092
4895	1093
1089	1094
128	1095
5019	1096
5197	1097
1525	1098
694	1099
8155	1100
1614	1101
15894	1102
7776	1103
12894	1104
6542	1105
5055	1106
2564	1107
1868	1108
2557	1109
11382	1110
1531	1111
520	1112
242	1113
5273	1114
1931	1115
7047	1116
5185	1117
1648	1118
12771	1119
4970	1120
1925	1121
13591	1122
335	1123
13600	1124
4048	1125
1860	1126
9168	1127
10835	1128
154	1129
4434	1130
5155	1131
3008	1132
2652	1133
10738	1134
10725	1135
1149	1136
4692	1137
8935	1138
11505	1139
7738	1140
9343	1141
11244	1142
1361	1143
5733	1144
5692	1145
7873	1146
1686	1147
681	1148
4496	1149
8890	1150
10877	1151
11050	1152
2664	1153
4413	1154
6440	1155
2950	1156
6501	1157
6507	1158
6540	1159
10990	1160
1412	1161
1704	1162
11372	1163
11249	1164
2912	1165
11198	1166
4083	1167
10344	1168
1600	1169
536	1170
1224	1171
1796	1172
1915	1173
6510	1174
6603	1175
8303	1176
11089	1177
2906	1178
6518	1179
9738	1180
6500	1181
11128	1182
11448	1183
10973	1184
10891	1185
1421	1186
9322	1187
8457	1188
887	1189
6121	1190
8048	1191
4612	1192
5536	1193
11344	1194
452	1195
7782	1196
10966	1197
11118	1198
1426	1199
10824	1200
10907	1201
6526	1202
738	1203
6277	1204
8932	1205
1083	1206
228	1207
6527	1208
4510	1209
9485	1210
11350	1211
2134	1212
11193	1213
11142	1214
1867	1215
917	1216
925	1217
1394	1218
6506	1219
2235	1220
10941	1221
4408	1222
1532	1223
11107	1224
11092	1225
8922	1226
8941	1227
10932	1228
1739	1229
7453	1230
4082	1231
4198	1232
2294	1233
1043	1234
1309	1235
11171	1236
11326	1237
5833	1238
5154	1239
8178	1240
441	1241
9298	1242
8278	1243
10895	1244
6515	1245
8943	1246
11134	1247
1517	1248
9482	1249
1153	1250
11037	1251
183	1252
1719	1253
159	1254
1791	1255
10896	1256
75	1257
1885	1258
8583	1259
4342	1260
6988	1261
7822	1262
1746	1263
1941	1264
1209	1265
8904	1266
11321	1267
8912	1268
9623	1269
9002	1270
11446	1271
11488	1272
8142	1273
10292	1274
10906	1275
4534	1276
9270	1277
2551	1278
1422	1279
9106	1280
2738	1281
9374	1282
4747	1283
5557	1284
9360	1285
2067	1286
2875	1287
11477	1288
4613	1289
981	1290
10869	1291
10925	1292
11166	1293
11241	1294
1401	1295
10847	1296
1034	1297
7736	1298
6034	1299
1357	1300
6530	1301
11345	1302
11453	1303
4646	1304
9334	1305
9657	1306
11449	1307
11278	1308
1261	1309
1849	1310
529	1311
2309	1312
4339	1313
6675	1314
15045	1315
15170	1316
5556	1317
5565	1318
1159	1319
6669	1320
4746	1321
4464	1322
8914	1323
5809	1324
5834	1325
9148	1326
15056	1327
15167	1328
1435	1329
4521	1330
13186	1331
12368	1332
6806	1333
2782	1334
5752	1335
15160	1336
5059	1337
1731	1338
4279	1339
12126	1340
15114	1341
12320	1342
12254	1343
11870	1344
8771	1345
1702	1346
12262	1347
11665	1348
5189	1349
11708	1350
15102	1351
15174	1352
6531	1353
8928	1354
10410	1355
8910	1356
11723	1357
11890	1358
11535	1359
15059	1360
15162	1361
15088	1362
15134	1363
11936	1364
15077	1365
15147	1366
15070	1367
12221	1368
15093	1369
12295	1370
15168	1371
15058	1372
6676	1373
15097	1374
11801	1375
11945	1376
7652	1377
285	1378
5022	1379
1240	1380
1598	1381
89	1382
1024	1383
7869	1384
1940	1385
192	1386
5289	1387
6749	1388
2739	1389
15271	1390
1560	1391
1557	1392
1552	1393
10825	1394
4446	1395
2929	1396
2927	1397
2928	1398
2923	1399
2924	1400
1789	1401
15338	1402
656	1403
5788	1404
5159	1405
6774	1406
4614	1407
682	1408
961	1409
165	1410
13349	1411
10376	1412
6324	1413
8401	1414
2337	1415
1050	1416
2744	1417
13144	1418
6302	1419
1802	1420
5216	1421
5223	1422
3926	1423
362	1424
9015	1425
7669	1426
9762	1427
9847	1428
9547	1429
9084	1430
5251	1431
9792	1432
9756	1433
1897	1434
9146	1435
9013	1436
9740	1437
5360	1438
9095	1439
9329	1440
9809	1441
8929	1442
8982	1443
9709	1444
9794	1445
9361	1446
9070	1447
9033	1448
7748	1449
8927	1450
9088	1451
9346	1452
9516	1453
9586	1454
9450	1455
9235	1456
8989	1457
9664	1458
9369	1459
9274	1460
9507	1461
2685	1462
9681	1463
9779	1464
9391	1465
6177	1466
9054	1467
9370	1468
9471	1469
7746	1470
700	1471
7610	1472
6220	1473
8502	1474
6323	1475
6325	1476
7979	1477
13398	1478
6297	1479
1326	1480
7739	1481
7741	1482
7752	1483
7747	1484
2665	1485
1708	1486
2667	1487
5268	1488
4906	1489
6822	1490
6823	1491
6446	1492
4699	1493
10549	1494
6099	1495
1400	1496
5098	1497
14562	1498
6257	1499
4672	1500
7828	1501
5968	1502
6111	1503
7976	1504
15990	1505
6783	1506
4062	1507
10420	1508
10422	1509
6800	1510
859	1511
2181	1512
3636	1513
10654	1514
10559	1515
359	1516
15372	1517
1577	1518
14693	1519
14696	1520
5712	1521
14684	1522
14700	1523
14690	1524
1325	1525
14687	1526
11937	1527
14703	1528
15035	1529
15034	1530
819	1531
8964	1532
7836	1533
6539	1534
10635	1535
144	1536
4946	1537
4939	1538
4955	1539
10427	1540
7474	1541
13169	1542
5655	1543
4435	1544
4432	1545
16036	1546
519	1547
13419	1548
7849	1549
8956	1550
14510	1551
14511	1552
8173	1553
14506	1554
13334	1555
4685	1556
4818	1557
4817	1558
12102	1559
5995	1560
1305	1561
2941	1562
15377	1563
15378	1564
2731	1565
13875	1566
13883	1567
6709	1568
6717	1569
6708	1570
6713	1571
6715	1572
6716	1573
6707	1574
6719	1575
6093	1576
7392	1577
7711	1578
7730	1579
6534	1580
6502	1581
6533	1582
14046	1583
9926	1584
9928	1585
