org_id	remap_id
78	0
127	1
170	2
175	3
190	4
267	5
325	6
383	7
476	8
477	9
493	10
498	11
533	12
548	13
622	14
636	15
728	16
788	17
894	18
922	19
937	20
1017	21
1035	22
1047	23
1117	24
1118	25
1122	26
1160	27
1164	28
1174	29
1224	30
1225	31
1282	32
1355	33
1392	34
1436	35
1496	36
1504	37
1510	38
1547	39
1600	40
1632	41
1663	42
1713	43
1724	44
1751	45
1860	46
1915	47
1988	48
2053	49
2108	50
2136	51
2204	52
2218	53
2276	54
2315	55
2429	56
2435	57
2455	58
2471	59
2477	60
2513	61
2517	62
2556	63
2558	64
2589	65
2643	66
2658	67
2692	68
2732	69
2771	70
2801	71
2842	72
2852	73
2853	74
2901	75
2904	76
3017	77
3057	78
3104	79
3174	80
3271	81
3301	82
3304	83
3313	84
3369	85
3392	86
3429	87
3493	88
3512	89
3527	90
3541	91
3595	92
3600	93
3849	94
3853	95
3860	96
3976	97
4022	98
4078	99
4146	100
4254	101
4335	102
4341	103
4352	104
4375	105
4517	106
4544	107
4549	108
4650	109
4697	110
4728	111
4800	112
4827	113
4856	114
4869	115
4944	116
5002	117
5031	118
5085	119
5227	120
5240	121
5285	122
5321	123
5459	124
5461	125
5475	126
5552	127
5706	128
5757	129
5829	130
5831	131
5978	132
6119	133
6264	134
6302	135
6352	136
6362	137
6385	138
6393	139
6400	140
6443	141
6449	142
6471	143
6528	144
6571	145
6616	146
6625	147
6758	148
6785	149
6862	150
6946	151
6971	152
7088	153
7181	154
7195	155
7248	156
7287	157
7315	158
7354	159
7461	160
7612	161
7635	162
7704	163
7711	164
7727	165
7740	166
7743	167
7815	168
7849	169
7919	170
8041	171
8048	172
8094	173
8114	174
8148	175
8168	176
8194	177
8216	178
8282	179
8434	180
8517	181
8584	182
8610	183
8624	184
8651	185
8683	186
8699	187
8701	188
8787	189
8824	190
8858	191
8881	192
8892	193
8893	194
8905	195
8970	196
9029	197
9034	198
9085	199
9117	200
9127	201
9139	202
9177	203
9245	204
9277	205
9370	206
9411	207
9415	208
9475	209
9522	210
9595	211
9889	212
10025	213
10058	214
10064	215
10084	216
10094	217
10125	218
10132	219
10154	220
10181	221
10191	222
10200	223
10231	224
10335	225
10420	226
10476	227
10479	228
10516	229
10563	230
10639	231
10652	232
10674	233
10739	234
10783	235
10791	236
10844	237
10905	238
10931	239
10936	240
10986	241
11114	242
11162	243
11188	244
11220	245
11228	246
11239	247
11240	248
11244	249
11338	250
11411	251
11420	252
11424	253
11457	254
11510	255
11515	256
11569	257
11577	258
11613	259
11638	260
11744	261
11802	262
11810	263
11824	264
11825	265
11898	266
11912	267
12025	268
12028	269
12040	270
12046	271
12051	272
12056	273
12064	274
12126	275
12265	276
12283	277
12296	278
12309	279
12428	280
12451	281
12458	282
12554	283
12563	284
12622	285
12759	286
12760	287
12818	288
12866	289
12917	290
12949	291
12986	292
13014	293
13043	294
13048	295
13054	296
13056	297
13086	298
13159	299
13216	300
13222	301
13230	302
13233	303
13257	304
13266	305
13318	306
13376	307
13397	308
13454	309
13561	310
13595	311
13614	312
13656	313
13694	314
13701	315
13716	316
13781	317
13815	318
13877	319
13890	320
13897	321
13914	322
13937	323
13938	324
13970	325
14029	326
14070	327
14099	328
14171	329
14222	330
14246	331
14292	332
14323	333
14361	334
14421	335
14465	336
14479	337
14498	338
14570	339
14598	340
14614	341
14648	342
14653	343
14679	344
14706	345
14895	346
14910	347
14918	348
14946	349
14979	350
15061	351
15168	352
15178	353
15264	354
15311	355
15344	356
15399	357
15436	358
15437	359
15440	360
15558	361
15714	362
15715	363
15716	364
15780	365
15783	366
15846	367
15853	368
15879	369
15896	370
15926	371
15974	372
16003	373
16004	374
16031	375
16047	376
16133	377
16149	378
16168	379
16206	380
16289	381
16295	382
16321	383
16389	384
16419	385
16485	386
16610	387
16664	388
16677	389
16862	390
16949	391
16987	392
17205	393
17260	394
17312	395
17334	396
17363	397
17461	398
17463	399
17559	400
17597	401
17623	402
17632	403
17647	404
17653	405
17738	406
17755	407
17813	408
17835	409
17909	410
17924	411
17930	412
17946	413
17999	414
18015	415
18075	416
18082	417
18114	418
18161	419
18205	420
18206	421
18256	422
18293	423
18295	424
18304	425
18367	426
18379	427
18434	428
18461	429
18510	430
18600	431
18666	432
18673	433
18678	434
18687	435
18718	436
18724	437
18742	438
18797	439
18802	440
18849	441
18853	442
18946	443
18979	444
18983	445
19018	446
19054	447
19131	448
19164	449
19306	450
19475	451
19519	452
19532	453
19546	454
19562	455
19575	456
19587	457
19668	458
19714	459
19741	460
19742	461
19806	462
19838	463
19854	464
19864	465
19885	466
19909	467
19923	468
19928	469
19933	470
19963	471
19986	472
20025	473
20028	474
20081	475
20121	476
20144	477
20189	478
20226	479
20262	480
20263	481
20348	482
20385	483
20435	484
20591	485
20606	486
20699	487
20709	488
20832	489
20897	490
20974	491
21052	492
21055	493
21101	494
21171	495
21184	496
21188	497
21244	498
21272	499
21277	500
21374	501
21439	502
21488	503
21513	504
21522	505
21558	506
21624	507
21668	508
21672	509
21691	510
21693	511
21699	512
21708	513
21712	514
21767	515
21835	516
21838	517
21872	518
21947	519
22035	520
22061	521
22066	522
22125	523
22198	524
22206	525
22278	526
22386	527
22453	528
22461	529
22479	530
22609	531
22616	532
22712	533
22723	534
22798	535
22815	536
22872	537
22936	538
22957	539
22961	540
23032	541
23087	542
23172	543
23260	544
23318	545
23386	546
23388	547
23423	548
23561	549
23581	550
23647	551
23717	552
23733	553
23753	554
23850	555
23858	556
23862	557
23910	558
23947	559
23953	560
23988	561
24014	562
24026	563
24039	564
24072	565
24104	566
24132	567
24171	568
24221	569
24231	570
24234	571
24240	572
24263	573
24423	574
24476	575
24495	576
24515	577
24517	578
24573	579
24592	580
24653	581
24668	582
24708	583
24793	584
24929	585
24954	586
25007	587
25038	588
25197	589
25244	590
25248	591
25286	592
25359	593
25408	594
25412	595
25570	596
25649	597
25679	598
25686	599
25712	600
25723	601
25730	602
25752	603
25867	604
25887	605
25889	606
25907	607
25915	608
25976	609
26007	610
26048	611
26116	612
26136	613
26152	614
26242	615
26316	616
26528	617
26582	618
26617	619
26624	620
26674	621
26692	622
26704	623
26734	624
26738	625
26740	626
26765	627
26819	628
26873	629
26920	630
26964	631
26987	632
27072	633
27089	634
27112	635
27115	636
27152	637
27164	638
27238	639
27306	640
27350	641
27363	642
27464	643
27620	644
27626	645
27648	646
27662	647
27685	648
27935	649
27947	650
27951	651
28039	652
28082	653
28101	654
28105	655
28122	656
28129	657
28180	658
28199	659
28292	660
28299	661
28317	662
28342	663
28350	664
28384	665
28452	666
28492	667
28508	668
28521	669
28581	670
28642	671
28645	672
28653	673
28665	674
28798	675
28830	676
28842	677
28855	678
28875	679
28962	680
29061	681
29225	682
29343	683
29421	684
29442	685
29501	686
29508	687
29538	688
29592	689
29616	690
29658	691
29680	692
29727	693
29801	694
29892	695
29942	696
29947	697
29985	698
30139	699
30167	700
30174	701
30210	702
30225	703
30274	704
30547	705
30613	706
30627	707
30840	708
30846	709
30849	710
30879	711
30886	712
30897	713
30938	714
30950	715
30972	716
30977	717
30980	718
31040	719
31088	720
31098	721
31104	722
31170	723
31175	724
31179	725
31193	726
31209	727
31296	728
31309	729
31468	730
31523	731
31784	732
31786	733
31813	734
31820	735
31879	736
31911	737
31937	738
32011	739
32021	740
32031	741
32293	742
32294	743
32308	744
32357	745
32369	746
32406	747
32411	748
32445	749
32508	750
32512	751
32536	752
32538	753
32656	754
32663	755
32736	756
32747	757
32791	758
32861	759
32919	760
32997	761
33008	762
33126	763
33139	764
33141	765
33171	766
33222	767
33238	768
33251	769
33285	770
33349	771
33384	772
33477	773
33481	774
33522	775
33528	776
33577	777
33579	778
33764	779
33770	780
33780	781
33797	782
33843	783
33866	784
33880	785
33943	786
33994	787
34145	788
34157	789
34196	790
34226	791
34295	792
34329	793
34334	794
34368	795
34374	796
34384	797
34405	798
34420	799
34579	800
34671	801
34680	802
34687	803
34704	804
34713	805
34740	806
34765	807
34796	808
34857	809
34881	810
34958	811
35002	812
35051	813
35057	814
35105	815
35141	816
35160	817
35345	818
35373	819
35408	820
35455	821
35461	822
35530	823
35553	824
35622	825
35660	826
35665	827
35703	828
35779	829
35785	830
35814	831
35886	832
35899	833
36004	834
36049	835
36060	836
36063	837
36082	838
36151	839
36154	840
36243	841
36286	842
36294	843
36306	844
36347	845
36450	846
36527	847
36548	848
36553	849
36558	850
36559	851
36619	852
36632	853
36659	854
36663	855
36688	856
36719	857
36743	858
36784	859
36802	860
36803	861
36907	862
36931	863
36937	864
36969	865
37001	866
37037	867
37195	868
37216	869
37217	870
37225	871
37321	872
37419	873
37568	874
37713	875
37782	876
37786	877
37857	878
37899	879
37957	880
37987	881
38047	882
38111	883
38119	884
38340	885
38348	886
38373	887
38390	888
38396	889
38437	890
38527	891
38646	892
38662	893
38664	894
38690	895
38722	896
38726	897
38740	898
38745	899
38765	900
38801	901
38875	902
38882	903
38889	904
38914	905
38927	906
38934	907
39033	908
39047	909
39065	910
39082	911
39177	912
39262	913
39282	914
39362	915
39390	916
39393	917
39463	918
39480	919
39513	920
39524	921
39594	922
39607	923
39608	924
39617	925
39677	926
39689	927
39746	928
39799	929
39803	930
39861	931
39904	932
39935	933
39981	934
39985	935
40003	936
40033	937
40101	938
40136	939
40236	940
40260	941
40284	942
40328	943
40421	944
40456	945
40457	946
40465	947
40648	948
40703	949
40737	950
40743	951
40827	952
40863	953
40872	954
40895	955
40930	956
41027	957
41066	958
41130	959
41154	960
41178	961
41201	962
41335	963
41391	964
41394	965
41443	966
41468	967
41573	968
41622	969
41688	970
41726	971
41727	972
41740	973
41822	974
41838	975
41859	976
41946	977
42054	978
42059	979
42104	980
42122	981
42154	982
42164	983
42201	984
42356	985
42411	986
42437	987
42445	988
42490	989
42551	990
42582	991
42688	992
42773	993
42789	994
42888	995
42908	996
42966	997
43004	998
43017	999
43102	1000
43108	1001
43113	1002
43189	1003
43205	1004
43213	1005
43281	1006
43350	1007
43353	1008
43501	1009
43527	1010
43603	1011
43640	1012
43699	1013
43718	1014
43779	1015
43867	1016
43883	1017
43948	1018
43994	1019
44038	1020
44041	1021
44068	1022
44117	1023
44129	1024
44157	1025
44264	1026
44287	1027
44294	1028
44297	1029
44404	1030
44485	1031
44495	1032
44706	1033
44744	1034
44847	1035
45049	1036
45050	1037
45070	1038
45120	1039
45129	1040
45187	1041
45220	1042
45257	1043
45277	1044
45286	1045
45290	1046
45314	1047
45356	1048
45478	1049
45583	1050
45586	1051
45642	1052
45656	1053
45881	1054
45987	1055
46033	1056
46085	1057
46116	1058
46126	1059
46257	1060
46369	1061
46407	1062
46441	1063
46494	1064
46523	1065
46536	1066
46586	1067
46603	1068
46624	1069
46655	1070
46656	1071
46672	1072
46695	1073
46754	1074
46762	1075
46786	1076
46804	1077
46840	1078
46890	1079
46964	1080
46979	1081
47002	1082
47040	1083
47165	1084
47249	1085
47267	1086
47302	1087
47384	1088
47398	1089
47438	1090
47448	1091
47592	1092
47613	1093
47677	1094
47711	1095
47768	1096
47780	1097
47933	1098
47999	1099
48006	1100
48052	1101
48076	1102
48117	1103
48128	1104
48167	1105
48280	1106
48290	1107
48316	1108
48326	1109
48337	1110
48357	1111
48395	1112
48454	1113
48506	1114
48534	1115
48674	1116
48717	1117
48743	1118
48776	1119
48802	1120
48856	1121
48911	1122
48919	1123
48933	1124
49032	1125
49065	1126
49236	1127
49265	1128
49361	1129
49370	1130
49383	1131
49527	1132
49606	1133
49626	1134
49696	1135
49838	1136
49879	1137
49913	1138
49935	1139
49996	1140
50156	1141
50160	1142
50265	1143
50295	1144
50324	1145
50464	1146
50510	1147
50543	1148
50604	1149
50606	1150
50607	1151
50670	1152
50733	1153
50818	1154
50846	1155
50847	1156
50888	1157
50893	1158
50949	1159
50970	1160
50992	1161
51025	1162
51033	1163
51086	1164
51168	1165
51191	1166
51198	1167
51218	1168
51230	1169
51232	1170
51284	1171
51301	1172
51333	1173
51361	1174
51378	1175
51448	1176
51466	1177
51494	1178
51499	1179
51527	1180
51603	1181
51615	1182
51673	1183
51687	1184
51692	1185
51699	1186
51707	1187
51832	1188
51901	1189
51954	1190
52000	1191
52076	1192
52129	1193
52147	1194
52235	1195
52298	1196
52305	1197
52328	1198
52364	1199
52365	1200
52379	1201
52427	1202
52459	1203
52481	1204
52510	1205
52572	1206
52580	1207
52591	1208
52610	1209
52648	1210
52678	1211
52707	1212
52806	1213
52827	1214
52834	1215
52882	1216
52906	1217
52961	1218
52983	1219
53059	1220
53192	1221
53379	1222
53429	1223
53558	1224
53849	1225
53859	1226
54017	1227
54066	1228
54087	1229
54113	1230
54129	1231
54142	1232
54152	1233
54193	1234
54217	1235
54274	1236
54316	1237
54371	1238
54376	1239
54503	1240
54528	1241
54650	1242
54716	1243
54730	1244
54767	1245
54786	1246
54817	1247
54980	1248
55124	1249
55193	1250
55197	1251
55236	1252
55290	1253
55315	1254
55327	1255
55403	1256
55414	1257
55491	1258
55560	1259
55590	1260
55620	1261
55645	1262
55699	1263
55762	1264
55790	1265
55840	1266
55841	1267
55865	1268
55909	1269
55936	1270
55992	1271
56016	1272
56030	1273
56044	1274
56091	1275
56124	1276
56147	1277
56281	1278
56345	1279
56354	1280
56472	1281
56535	1282
56561	1283
56596	1284
56620	1285
56686	1286
56758	1287
56811	1288
56896	1289
57010	1290
57018	1291
57035	1292
57082	1293
57097	1294
57127	1295
57249	1296
57274	1297
57380	1298
57420	1299
57475	1300
57512	1301
57606	1302
57620	1303
57637	1304
57696	1305
57835	1306
57912	1307
57973	1308
58001	1309
58160	1310
58174	1311
58203	1312
58470	1313
58554	1314
58561	1315
58577	1316
58600	1317
58601	1318
58657	1319
58686	1320
58693	1321
58747	1322
58763	1323
58842	1324
58895	1325
59012	1326
59050	1327
59092	1328
59148	1329
59165	1330
59182	1331
59219	1332
59311	1333
59327	1334
59349	1335
59355	1336
59389	1337
59401	1338
59433	1339
59462	1340
59468	1341
59496	1342
59499	1343
59527	1344
59529	1345
59557	1346
59677	1347
59686	1348
59708	1349
59771	1350
59889	1351
59894	1352
59995	1353
59999	1354
60002	1355
60051	1356
60072	1357
60158	1358
60166	1359
60170	1360
60190	1361
60259	1362
60296	1363
60303	1364
60307	1365
60316	1366
60319	1367
60323	1368
60325	1369
60334	1370
60374	1371
60450	1372
60510	1373
60515	1374
60556	1375
60564	1376
60661	1377
60670	1378
60692	1379
60693	1380
60713	1381
60716	1382
60798	1383
60863	1384
60890	1385
60891	1386
60958	1387
60963	1388
61137	1389
61235	1390
61240	1391
61352	1392
61400	1393
61502	1394
61544	1395
61592	1396
61674	1397
61805	1398
61836	1399
61869	1400
61875	1401
61879	1402
61910	1403
61915	1404
61968	1405
61985	1406
62012	1407
62014	1408
62042	1409
62055	1410
62091	1411
62133	1412
62141	1413
62252	1414
62280	1415
62319	1416
62323	1417
62332	1418
62348	1419
62354	1420
62474	1421
62547	1422
62572	1423
62637	1424
62686	1425
62691	1426
62795	1427
62815	1428
62819	1429
62847	1430
62857	1431
62880	1432
62974	1433
63024	1434
63060	1435
63086	1436
63198	1437
63213	1438
63347	1439
63348	1440
63375	1441
63395	1442
63438	1443
63458	1444
63491	1445
63542	1446
63556	1447
63594	1448
63698	1449
63725	1450
63729	1451
63873	1452
63973	1453
63991	1454
64063	1455
64070	1456
64264	1457
64294	1458
64344	1459
64363	1460
64364	1461
64370	1462
64411	1463
64423	1464
64472	1465
64500	1466
64515	1467
64540	1468
64560	1469
64581	1470
64587	1471
64621	1472
64642	1473
64712	1474
64821	1475
64854	1476
64949	1477
64969	1478
65081	1479
65135	1480
65174	1481
65279	1482
65293	1483
65298	1484
65403	1485
65436	1486
65500	1487
65647	1488
65713	1489
65851	1490
65867	1491
65869	1492
65881	1493
65905	1494
65914	1495
66063	1496
66134	1497
66149	1498
66152	1499
66164	1500
66190	1501
66207	1502
66227	1503
66328	1504
66416	1505
66457	1506
66527	1507
66532	1508
66533	1509
66541	1510
66553	1511
66650	1512
66770	1513
66778	1514
66784	1515
66831	1516
66892	1517
66893	1518
66902	1519
66929	1520
66968	1521
66978	1522
67010	1523
67033	1524
67042	1525
67171	1526
67199	1527
67267	1528
67303	1529
67306	1530
67325	1531
67363	1532
67401	1533
67410	1534
67488	1535
67500	1536
67542	1537
67594	1538
67666	1539
67687	1540
67756	1541
67795	1542
67840	1543
67901	1544
67920	1545
68046	1546
68087	1547
68093	1548
68117	1549
68151	1550
68163	1551
68228	1552
68304	1553
68393	1554
68424	1555
68441	1556
68516	1557
68523	1558
68623	1559
68637	1560
68660	1561
68722	1562
68773	1563
68810	1564
68829	1565
68864	1566
68883	1567
68912	1568
68934	1569
68947	1570
68986	1571
68988	1572
68989	1573
69002	1574
69043	1575
69066	1576
69068	1577
69135	1578
69153	1579
69195	1580
69232	1581
69245	1582
69291	1583
69341	1584
69374	1585
69378	1586
69388	1587
69393	1588
69469	1589
69504	1590
69576	1591
69625	1592
69668	1593
69716	1594
69719	1595
69767	1596
69805	1597
69820	1598
69875	1599
69891	1600
70037	1601
70062	1602
70078	1603
70100	1604
70102	1605
70116	1606
70120	1607
70142	1608
70188	1609
70287	1610
70299	1611
70313	1612
70331	1613
70342	1614
70421	1615
70485	1616
70542	1617
70560	1618
70617	1619
70623	1620
70698	1621
70743	1622
70753	1623
70760	1624
70782	1625
70806	1626
70816	1627
70878	1628
70974	1629
70981	1630
71037	1631
71052	1632
71055	1633
71107	1634
71116	1635
71149	1636
71278	1637
71287	1638
71291	1639
71307	1640
71323	1641
71331	1642
71420	1643
71478	1644
71487	1645
71497	1646
71509	1647
71525	1648
71529	1649
71534	1650
