userID	tagID
1	1
1	2
1	3
1	4
1	5
1	7
1	8
1	9
1	10
1	11
2	12
4	14
4	15
5	16
6	17
7	18
7	19
7	20
8	21
9	22
10	23
11	24
11	25
11	26
11	27
11	28
11	29
11	30
11	31
11	32
12	33
12	34
12	35
13	36
14	37
14	38
14	39
14	40
14	42
14	43
14	44
14	45
14	46
14	47
14	48
14	56
14	57
14	58
14	59
14	60
14	61
14	62
14	63
14	64
14	52
14	65
14	66
14	7
14	67
14	68
14	69
14	70
14	55
14	71
14	72
14	78
14	79
14	51
14	80
14	81
14	82
14	83
14	86
14	35
14	88
14	77
14	89
14	90
14	91
14	92
14	94
14	36
14	95
14	93
14	97
14	98
14	54
15	99
15	100
15	101
15	102
15	103
15	104
16	106
16	107
16	108
16	109
16	96
16	110
16	111
16	112
16	113
16	114
17	115
17	64
17	117
17	118
17	119
18	120
19	73
19	121
19	5
19	10
20	103
21	103
21	122
22	124
22	125
22	120
23	126
24	77
24	121
24	127
24	128
24	109
24	129
24	130
25	32
26	56
26	133
27	96
28	134
28	135
28	136
28	137
28	138
29	139
29	133
30	140
30	141
30	142
31	143
31	144
31	145
32	146
33	49
33	147
33	50
33	148
33	149
33	152
33	153
33	154
33	155
34	69
34	156
34	157
34	158
35	159
35	160
35	161
35	10
36	162
37	164
37	165
37	166
37	65
38	106
38	167
38	57
39	168
40	169
40	5
40	170
41	173
41	171
42	174
42	175
42	178
42	179
42	176
42	10
42	180
42	181
42	64
42	182
42	5
43	182
43	184
45	185
45	186
45	187
45	189
45	190
45	25
45	96
45	191
45	153
45	192
45	193
45	16
45	194
45	56
45	195
45	196
45	188
45	197
45	198
45	199
45	200
45	201
45	202
45	69
45	203
45	205
45	103
45	204
46	206
47	7
47	64
47	207
47	208
47	209
48	210
48	153
49	211
50	41
50	74
51	212
52	213
52	114
53	189
53	214
54	5
54	215
55	216
56	217
56	218
56	220
56	166
56	221
58	12
59	120
59	187
59	86
59	155
60	224
60	225
60	226
60	227
60	228
60	107
60	229
60	177
61	105
62	232
63	221
64	36
65	43
65	56
65	233
65	40
65	153
66	38
66	39
66	234
66	40
66	133
66	36
66	235
66	236
66	128
66	237
66	238
66	239
66	232
66	120
66	240
66	74
66	70
66	5
66	241
66	242
66	200
66	58
66	244
66	245
66	246
66	247
66	75
66	248
66	166
66	51
66	217
66	21
66	80
66	251
66	252
66	253
66	218
66	12
66	110
66	207
66	10
66	255
66	156
66	256
66	257
66	258
66	259
66	98
66	260
66	263
66	264
66	265
66	262
66	266
66	267
66	268
66	250
66	269
66	271
66	272
66	273
66	274
66	275
66	276
66	86
66	278
66	279
66	280
66	281
66	282
66	283
66	136
66	284
66	285
66	277
66	286
66	287
66	288
66	289
66	168
66	290
66	37
66	43
66	249
66	291
66	292
66	57
66	293
66	295
66	296
66	47
66	297
67	137
68	294
69	298
69	289
70	120
71	177
72	299
72	5
73	2
73	32
73	89
74	301
75	10
75	302
76	102
77	10
77	175
77	304
77	305
77	306
77	193
77	259
79	190
79	227
80	284
81	76
81	6
82	308
82	144
82	25
83	220
83	309
83	187
83	310
83	5
83	109
83	56
83	8
83	156
83	311
83	312
83	313
83	203
83	314
83	315
84	316
84	307
85	317
86	296
86	180
86	43
86	40
86	74
86	23
86	41
86	39
86	248
86	243
86	318
86	10
86	321
86	322
86	299
86	323
86	324
86	292
86	267
86	325
86	73
86	65
86	276
87	326
88	327
88	328
90	52
90	329
91	56
91	113
91	69
91	25
91	80
91	331
91	61
91	332
91	333
91	240
91	334
92	335
92	65
92	336
92	337
92	17
93	338
94	165
94	121
95	217
96	319
96	340
96	341
97	342
98	343
98	14
98	56
98	200
98	199
98	236
98	101
98	290
98	344
98	345
98	130
98	346
98	347
99	348
99	287
99	349
99	209
99	350
100	351
101	80
102	221
102	352
102	122
103	121
103	322
103	353
103	354
103	355
103	40
103	63
103	356
103	56
103	61
103	357
103	67
103	244
103	127
103	20
103	113
103	7
103	69
103	51
103	358
103	240
103	359
103	327
103	130
103	14
103	204
103	363
103	157
103	364
103	232
103	365
103	366
103	120
103	156
103	368
103	369
103	370
103	362
104	67
104	320
105	373
106	56
106	375
106	376
106	374
106	377
106	378
107	207
108	379
109	10
109	256
109	381
109	382
109	183
109	37
109	255
109	311
109	384
110	320
110	38
110	39
110	189
110	385
110	6
110	346
110	67
110	187
110	388
110	390
110	183
110	210
110	391
110	389
110	5
110	41
110	1
110	109
110	56
110	395
110	166
110	232
110	104
110	14
110	190
110	396
110	123
110	63
110	322
111	377
111	398
112	221
113	400
113	401
114	122
114	14
114	402
114	64
115	65
116	403
116	224
116	199
116	404
116	110
116	183
116	327
116	405
117	291
117	16
117	406
117	156
117	44
117	407
117	408
117	409
117	43
117	152
117	410
117	295
117	411
117	377
117	412
117	413
117	414
117	102
117	415
117	5
117	399
117	416
117	57
117	417
117	419
117	420
117	37
117	319
117	122
117	422
117	423
117	424
117	360
117	313
117	425
117	426
117	427
117	67
117	428
117	256
117	154
117	429
117	430
117	431
117	432
118	67
119	30
120	97
121	435
122	61
122	10
122	63
122	436
123	412
124	437
125	377
126	113
126	25
127	438
128	40
128	150
128	113
128	440
129	194
129	56
130	441
131	236
132	84
132	442
133	443
133	279
133	73
133	444
133	74
133	166
133	79
133	445
133	446
133	406
133	293
133	110
133	113
133	447
133	305
133	213
133	98
133	77
133	129
133	36
133	7
133	449
133	131
133	41
133	235
133	34
133	269
133	450
133	451
133	44
133	54
134	360
134	41
134	289
135	130
135	121
136	453
137	455
137	456
137	457
138	458
138	459
138	56
138	302
138	81
138	331
138	461
138	336
138	463
138	26
138	465
138	42
138	80
138	220
138	466
138	467
138	468
138	469
139	56
139	470
139	24
139	400
139	388
139	471
139	435
139	472
139	401
139	473
139	474
139	220
139	475
139	223
139	476
139	42
139	225
139	109
139	477
140	478
141	12
142	479
142	116
143	110
143	221
143	450
144	329
145	103
147	480
147	115
148	263
148	481
148	482
148	483
149	484
149	485
149	486
149	487
149	3
149	488
149	489
149	490
149	491
149	492
150	121
151	261
152	7
153	25
153	377
153	54
153	332
153	194
153	61
153	42
153	493
153	15
153	496
153	497
153	498
154	499
154	500
154	501
154	502
154	73
154	503
154	65
155	44
157	505
157	443
157	506
157	53
157	507
157	508
157	225
157	509
157	510
157	511
157	512
157	63
157	285
157	118
157	513
157	110
157	514
157	313
157	515
157	516
157	7
158	319
158	518
158	519
158	521
158	522
158	190
158	51
158	213
159	74
159	334
160	524
160	134
161	12
161	525
162	401
163	526
164	61
164	527
165	528
165	70
166	376
166	183
166	158
167	313
168	212
168	529
168	530
169	505
171	532
171	227
171	428
171	0
171	133
171	113
171	274
171	533
171	106
171	534
171	165
171	196
171	535
171	250
171	51
171	536
171	121
171	537
171	538
171	276
171	539
171	540
171	541
171	216
171	166
171	288
171	542
171	287
171	543
171	544
171	545
171	546
172	547
172	548
173	549
174	475
175	292
175	550
175	551
175	552
176	553
177	543
179	153
180	291
180	64
181	241
182	555
183	305
183	556
183	232
183	54
184	46
184	388
184	114
184	24
184	557
184	558
184	559
184	377
184	320
184	560
184	561
184	5
184	226
184	562
184	563
184	564
184	565
184	566
184	70
184	567
184	468
184	12
184	365
184	423
184	306
184	568
184	569
184	131
184	571
184	572
184	573
184	574
184	236
184	575
184	274
184	454
184	576
184	10
184	577
184	578
184	579
184	195
184	391
184	580
184	581
184	422
184	398
184	585
184	342
184	586
184	587
184	588
184	37
184	590
184	591
184	592
184	593
184	61
184	26
184	594
184	595
184	596
184	597
184	598
184	69
184	371
184	599
184	600
185	601
186	200
186	602
186	155
186	330
186	153
186	603
186	604
186	605
186	606
186	57
186	98
186	607
186	608
186	69
186	609
186	326
186	611
186	237
186	612
186	453
186	613
186	56
186	614
186	216
186	615
186	561
186	58
186	616
186	610
186	617
186	618
186	619
186	620
186	543
186	71
186	621
186	70
186	567
186	113
186	624
186	301
186	194
186	625
186	626
186	549
186	627
186	623
186	345
186	349
186	630
186	110
186	23
186	361
186	305
186	248
186	39
186	272
186	633
186	54
186	246
186	51
186	25
186	634
186	635
186	260
186	636
186	43
186	397
186	352
186	637
186	638
186	249
186	139
186	306
186	639
186	533
186	268
186	133
186	640
186	641
186	642
187	56
188	206
188	643
188	644
189	494
189	66
189	645
189	446
189	292
189	344
189	646
189	360
189	647
190	648
191	649
192	134
193	421
194	650
195	652
196	653
196	198
196	296
196	515
196	654
197	37
199	655
200	68
200	531
200	153
200	656
200	67
200	603
200	657
200	448
200	658
200	109
200	346
200	7
200	659
200	113
200	213
200	236
200	602
200	660
201	270
201	658
201	661
201	662
203	664
204	7
204	320
204	365
205	377
206	365
206	665
206	65
207	666
207	267
208	500
208	128
208	56
208	238
208	439
209	668
209	669
210	16
210	670
210	671
210	225
210	227
211	209
211	24
211	435
211	673
211	674
211	464
211	166
211	157
211	675
211	677
211	72
211	241
211	67
211	679
211	676
211	377
211	65
211	204
211	680
211	332
212	12
212	681
212	682
214	37
214	46
214	292
214	40
214	66
214	129
214	67
214	162
214	63
214	135
214	322
214	243
214	683
214	56
214	157
214	198
214	24
214	245
214	684
214	236
214	685
214	77
214	78
214	221
214	207
214	251
214	686
214	687
214	688
214	74
214	61
214	222
214	241
214	286
214	163
214	91
214	169
215	83
216	40
216	271
216	63
216	255
216	105
216	15
216	152
218	657
219	689
219	580
219	292
219	690
219	691
219	443
220	498
221	185
221	41
221	103
221	199
221	291
222	217
222	169
222	232
223	41
224	692
225	185
225	56
225	693
225	194
226	152
226	618
226	694
226	695
226	592
226	696
227	61
227	56
227	698
227	213
227	699
227	700
227	160
227	200
227	701
228	702
229	703
230	87
230	350
230	37
231	394
232	183
233	14
233	132
233	705
234	706
234	463
236	341
237	59
238	340
239	707
240	291
240	254
240	156
241	365
241	436
242	603
242	708
242	577
242	584
242	709
242	602
242	710
242	711
242	350
242	44
242	712
242	58
242	649
242	714
242	715
242	716
242	717
242	718
242	113
242	249
242	719
242	268
242	543
242	272
242	38
242	72
242	713
242	545
242	720
242	274
242	397
242	96
243	562
244	185
245	108
245	259
245	66
245	64
246	687
247	721
247	430
248	722
249	142
250	338
251	65
252	259
252	220
253	109
253	129
253	723
253	57
253	7
253	10
254	558
254	724
254	725
254	266
254	314
254	7
254	5
256	24
257	89
258	726
258	727
258	728
258	650
258	56
258	83
258	460
258	729
259	73
259	730
259	316
259	330
259	732
259	733
259	734
259	74
259	373
259	509
259	131
259	735
259	736
259	305
259	737
259	731
259	505
259	738
259	154
259	739
259	450
259	144
259	225
259	740
259	741
259	107
259	742
259	723
259	32
259	743
259	66
259	217
259	360
259	564
259	116
259	254
259	259
259	325
259	744
259	230
259	322
259	236
259	365
259	745
259	746
259	218
259	747
259	748
259	671
259	749
259	40
259	750
259	751
259	37
259	752
259	157
259	687
259	753
259	333
259	443
259	670
259	403
259	328
259	754
259	755
259	106
259	756
259	757
259	758
259	111
259	369
259	570
259	304
259	312
259	517
259	759
259	114
259	760
259	130
259	29
260	113
261	443
261	198
261	56
261	658
261	80
261	239
261	459
261	213
261	685
261	304
261	16
261	288
261	122
261	578
261	195
261	391
261	538
261	7
261	15
261	372
261	57
261	67
261	761
261	212
261	153
261	113
261	114
261	64
261	74
261	61
261	156
261	262
261	311
261	40
261	121
261	763
261	762
261	764
261	765
261	766
261	320
261	464
261	529
261	388
261	127
261	767
261	480
261	463
261	768
261	395
261	717
261	401
261	112
261	769
261	131
261	132
261	136
261	770
261	137
261	771
261	772
261	773
261	532
261	774
261	775
261	546
261	51
261	269
261	277
261	442
261	396
261	722
261	776
261	429
261	167
261	777
261	217
261	83
262	84
262	780
262	56
262	236
262	147
262	37
262	187
263	131
264	339
265	10
266	129
266	781
266	782
266	783
266	66
266	53
266	784
266	177
266	785
266	40
266	522
266	153
266	194
266	56
266	130
266	786
266	61
266	318
266	787
266	57
266	788
266	789
266	306
266	790
266	267
266	513
266	505
266	82
266	443
266	791
266	21
266	794
266	37
266	190
266	795
266	679
266	181
266	796
266	797
266	198
266	544
266	565
266	123
266	667
266	64
266	579
266	609
266	767
266	236
266	193
266	76
266	799
266	800
266	376
266	801
266	165
266	77
266	89
266	157
266	442
266	803
266	804
266	135
266	806
266	807
266	792
266	292
266	689
266	808
266	809
266	341
266	218
266	232
266	121
266	326
266	813
266	429
266	46
266	814
266	396
266	730
266	815
266	380
266	660
266	816
266	224
266	305
266	817
266	245
266	818
266	117
266	118
266	819
266	659
266	151
266	812
266	65
266	820
266	109
266	551
266	55
266	821
266	63
266	823
266	722
266	776
266	824
266	291
266	825
266	294
266	826
266	827
266	386
266	179
266	430
266	141
266	828
266	829
266	307
266	107
266	351
266	747
266	101
266	323
266	830
266	831
266	518
266	671
266	832
266	636
266	207
266	552
266	592
266	834
266	835
266	403
266	802
266	836
266	837
266	838
266	375
266	638
266	839
266	126
266	363
266	840
266	841
266	842
266	562
266	843
266	755
266	557
266	271
266	590
266	466
266	517
266	844
266	259
266	845
266	449
266	315
266	296
266	166
266	281
266	846
266	847
266	580
266	848
266	110
266	564
266	137
266	114
266	223
266	851
266	215
266	852
266	853
266	379
266	285
266	531
266	210
266	116
266	699
266	854
266	91
266	855
266	9
266	856
266	765
266	286
266	858
266	859
266	860
266	364
266	11
266	433
266	861
266	811
266	182
266	862
266	124
266	510
266	863
266	428
266	319
266	60
266	864
266	865
266	866
266	752
266	746
266	42
266	672
266	448
266	867
266	868
266	869
266	425
266	870
266	240
266	132
266	872
266	342
266	643
266	873
266	311
266	748
266	874
266	251
266	875
266	876
266	227
266	877
266	32
266	231
266	878
266	72
266	880
266	881
267	377
267	681
268	523
268	882
268	193
268	129
268	67
268	256
268	450
268	762
268	166
268	658
268	194
268	37
268	271
268	6
268	25
268	60
268	159
268	32
268	883
269	7
269	531
269	884
269	339
270	33
271	166
271	243
271	221
271	318
271	170
271	448
271	46
271	63
271	551
271	552
272	305
273	885
273	454
273	444
273	241
273	448
273	693
273	57
273	243
273	318
273	886
273	344
273	733
273	14
273	130
273	887
274	170
275	401
276	885
276	742
276	603
276	5
276	56
276	30
276	87
276	198
276	743
276	212
276	336
276	733
276	891
278	892
278	893
278	894
278	499
279	243
279	23
280	669
281	399
281	895
281	896
281	897
281	493
282	37
283	689
283	264
283	404
283	448
283	499
283	494
283	464
283	65
283	510
283	113
284	94
285	900
286	307
287	121
287	901
287	902
289	533
289	903
289	70
290	470
291	246
292	890
292	528
292	53
292	508
292	198
292	14
293	14
293	344
294	508
294	330
294	586
295	904
296	906
297	445
297	818
298	84
298	129
298	41
298	103
298	56
298	130
298	670
298	16
299	41
299	220
299	10
299	52
299	16
299	153
299	56
299	66
299	129
299	693
299	236
299	107
299	190
299	64
299	824
300	910
300	888
301	56
301	834
301	212
301	889
302	353
303	177
305	67
305	780
305	41
305	63
305	652
306	548
307	165
308	477
308	660
308	913
309	5
309	473
309	42
309	7
309	14
309	314
309	220
309	388
311	817
312	365
312	830
312	915
312	309
312	892
313	370
314	56
314	25
314	204
315	244
315	10
315	916
315	436
315	917
316	918
316	204
316	41
316	135
318	154
319	236
320	789
320	562
320	771
320	874
321	52
321	56
321	41
322	314
322	209
322	401
322	694
323	896
323	912
323	271
323	920
324	10
324	238
324	921
324	110
324	368
325	5
326	56
326	922
327	924
327	207
327	65
328	37
328	296
329	267
329	526
329	610
329	416
329	926
329	135
329	113
329	114
330	284
330	927
331	10
331	84
331	1
331	396
331	327
333	38
334	162
334	928
334	38
334	212
335	416
337	10
337	318
337	435
337	564
337	929
337	871
338	63
338	57
339	347
340	930
341	84
342	931
342	656
342	69
342	306
342	298
342	372
342	272
342	767
342	639
342	540
342	265
342	505
342	932
342	245
343	7
343	933
343	934
343	935
343	726
343	262
343	784
343	63
343	732
343	305
343	936
343	582
343	869
344	937
344	938
344	939
345	940
345	941
345	378
345	377
345	593
346	942
346	130
347	905
348	38
348	120
348	435
348	113
348	165
348	379
348	69
348	246
348	642
348	944
348	60
348	275
348	945
348	946
348	71
348	80
348	947
348	67
348	603
348	948
348	605
348	49
348	949
348	950
348	951
348	400
348	70
348	444
348	241
348	36
348	238
348	459
348	213
348	128
348	180
348	44
348	952
348	72
348	7
348	27
348	953
348	35
348	713
348	332
348	51
348	350
348	243
348	606
348	323
348	39
348	402
348	14
348	344
348	260
348	954
348	445
348	202
348	634
348	97
348	147
348	22
348	110
348	469
348	637
348	372
348	248
348	719
348	76
348	77
348	543
348	579
348	955
348	265
348	956
348	447
348	957
348	958
348	204
348	270
348	81
348	758
348	628
348	639
348	959
348	212
348	305
348	960
348	961
348	962
348	68
348	963
348	114
348	717
348	709
348	377
348	264
348	964
348	965
348	123
348	654
348	397
348	757
348	86
348	966
348	199
348	288
348	549
348	98
348	287
348	967
349	122
349	190
349	53
349	968
349	125
349	25
350	56
350	16
351	969
352	56
353	415
354	241
354	910
354	120
354	198
354	971
354	248
354	356
354	822
354	243
354	652
354	617
354	264
354	972
354	970
354	452
356	973
356	974
357	444
357	863
358	905
359	12
360	975
361	199
361	446
362	498
363	962
363	212
363	7
363	306
363	976
363	977
363	564
363	285
363	781
363	534
363	160
363	178
363	207
363	78
363	245
363	429
363	361
363	658
363	315
363	114
363	218
365	375
365	240
365	379
365	10
366	5
366	562
366	564
366	135
366	529
367	156
367	256
367	828
367	832
368	980
368	399
368	56
368	601
368	981
368	398
369	232
370	466
370	982
370	725
370	592
370	346
370	314
370	467
370	5
370	983
370	984
370	208
370	985
370	219
370	220
370	310
370	400
370	464
370	914
370	493
371	494
372	56
373	650
374	10
375	987
375	988
375	165
375	380
375	290
377	503
377	60
377	220
378	243
379	950
379	110
379	989
380	119
381	468
381	443
381	990
381	564
381	271
381	868
381	9
381	787
381	877
381	311
381	66
381	896
381	780
381	992
381	285
381	130
381	993
381	110
381	994
381	851
381	599
382	995
383	40
383	996
383	65
384	997
384	863
384	998
384	867
385	56
385	187
385	52
385	41
385	466
385	999
385	957
385	799
386	1000
387	213
387	43
387	602
387	39
387	346
387	54
387	603
387	708
387	120
387	1001
387	98
387	1002
387	44
387	68
387	1003
387	47
387	48
387	248
387	1004
387	606
387	80
387	1005
387	69
387	70
387	246
387	567
387	563
387	243
387	81
387	963
387	58
387	710
387	948
387	610
387	617
387	128
387	238
387	153
387	971
387	1006
387	1007
387	700
387	649
387	87
387	334
387	615
387	619
387	632
387	113
387	51
387	324
387	1009
387	533
387	439
387	250
387	313
387	1010
387	543
387	961
387	38
387	715
387	274
387	72
387	293
387	684
387	345
387	323
387	186
387	49
387	587
387	97
387	283
387	955
387	372
387	718
387	577
387	538
387	932
387	260
387	1011
387	402
387	261
387	241
387	1012
387	714
387	960
387	717
387	1015
387	921
387	321
387	397
387	1016
387	637
387	1017
387	289
387	640
387	635
387	1018
387	952
387	268
387	264
387	155
387	86
387	1008
387	927
389	223
390	272
391	423
391	295
394	605
395	154
395	46
395	762
395	750
395	1019
395	665
395	696
395	444
395	236
395	227
395	743
395	403
395	590
395	1020
395	576
395	341
395	778
395	163
395	648
395	669
395	749
395	1021
395	90
395	440
395	233
395	443
395	752
395	686
395	508
395	199
395	232
395	425
395	1022
395	107
395	1023
395	326
396	12
398	166
399	533
400	46
401	46
401	113
401	114
403	256
403	332
403	120
403	267
403	57
404	50
404	291
404	16
404	41
404	56
404	236
404	212
404	52
404	429
404	150
404	187
404	371
404	64
405	1024
405	595
405	223
406	5
407	1025
407	40
407	443
407	425
407	227
407	304
407	574
407	56
407	450
407	166
407	694
407	1026
407	153
407	448
407	880
407	575
407	889
407	444
407	267
407	362
407	1027
407	358
407	564
407	306
407	670
407	193
407	259
407	446
407	646
407	1028
408	217
408	7
409	196
409	666
410	568
410	236
410	270
410	199
410	7
410	845
410	1030
410	344
411	23
412	5
412	42
412	56
413	7
414	652
414	298
414	691
415	1031
415	1032
415	206
415	1033
415	461
415	5
415	371
415	267
415	772
416	528
417	41
417	294
417	791
418	121
419	46
419	61
419	77
419	469
419	240
419	382
419	543
419	72
420	243
421	995
422	56
423	1000
424	465
424	722
425	157
426	1034
426	1035
427	150
428	1036
429	1037
430	1038
431	1039
432	1040
432	46
432	61
432	106
432	1044
432	718
432	1045
432	90
432	65
432	121
432	62
432	156
432	821
432	1046
432	251
432	973
432	753
432	768
432	1047
432	365
432	1043
432	256
432	599
432	1048
432	1049
432	1050
432	1051
432	443
432	1052
432	1053
432	891
432	1054
432	109
432	1055
432	165
432	1056
432	233
432	170
432	1057
432	1058
432	194
432	1059
432	1060
432	161
432	267
432	354
432	239
432	1041
432	1061
432	370
432	76
432	146
432	743
432	299
432	79
432	445
432	552
432	537
432	1063
432	1064
432	435
432	1065
432	159
432	231
432	1042
432	1062
432	442
432	754
432	207
433	1066
433	221
433	416
434	941
435	365
436	163
436	450
436	444
436	241
437	944
437	263
438	314
439	580
439	135
439	1067
439	460
439	154
439	391
439	674
439	207
440	217
440	557
440	12
440	79
440	468
440	91
440	9
440	122
440	1069
440	364
440	40
440	240
440	8
440	75
440	275
440	25
440	169
440	311
442	12
443	318
443	129
444	12
444	545
445	40
445	416
445	891
445	1071
445	294
445	199
445	211
446	1072
446	16
446	371
446	212
447	365
448	1073
448	110
449	1000
450	666
451	400
451	132
452	63
452	905
454	377
455	959
455	587
455	568
456	68
456	67
457	14
458	818
459	12
459	921
461	777
461	880
462	14
463	23
464	56
464	135
465	37
466	1077
466	38
466	220
466	469
466	661
466	1078
466	5
466	275
466	946
466	80
466	634
466	1040
466	1012
466	1079
466	948
466	322
466	605
466	272
466	87
466	445
466	567
466	243
466	949
466	1008
466	950
466	121
466	25
466	981
466	1080
466	603
466	654
466	70
466	615
466	56
466	1081
466	1006
466	302
466	41
466	293
466	397
466	120
466	72
466	64
466	716
466	44
466	7
466	1082
466	75
466	147
466	110
466	368
466	186
466	332
466	538
466	246
466	248
466	764
466	637
466	1013
466	98
466	497
466	36
466	71
466	133
466	1018
467	134
467	1083
467	1084
467	36
467	450
467	891
467	318
467	56
467	826
467	1056
467	551
467	251
467	1085
467	1055
467	1024
467	256
467	1046
467	1049
467	272
467	642
467	627
467	586
467	1086
467	578
467	1
467	395
467	921
467	335
467	465
467	119
467	460
467	45
467	185
468	990
468	830
468	313
468	14
469	656
469	200
469	94
469	133
469	114
469	816
470	12
470	421
470	67
470	1038
470	408
470	37
470	78
470	43
471	394
471	1088
471	592
471	1089
472	217
472	358
473	80
473	119
475	923
476	802
477	290
478	641
479	180
479	169
479	819
479	728
479	135
479	372
479	267
480	416
481	64
482	56
483	68
484	965
484	370
485	1090
485	37
485	344
485	179
486	5
487	718
488	52
488	322
489	658
490	889
490	67
490	64
490	696
490	318
490	52
490	948
490	304
490	1091
490	41
490	63
490	373
490	227
490	57
491	647
492	120
492	471
492	579
492	61
493	56
493	636
493	1027
494	12
494	377
495	1092
496	212
496	153
497	377
498	763
498	207
499	480
499	129
499	443
499	198
499	25
499	166
499	414
499	56
499	196
499	973
499	61
499	226
499	391
499	37
500	69
500	470
500	250
501	37
501	180
501	789
501	66
501	61
501	365
501	65
501	40
501	322
501	1093
501	557
501	1094
501	156
501	501
501	56
501	552
501	53
501	41
501	315
501	46
501	689
501	683
501	367
501	267
501	1095
501	519
501	232
501	220
501	1096
501	494
501	245
501	375
501	464
501	1097
501	421
501	830
501	6
501	244
501	665
501	76
501	1098
501	157
501	226
501	968
501	477
501	110
501	109
501	1099
501	756
501	77
501	225
501	95
501	379
501	311
501	527
501	9
501	123
501	63
501	510
501	163
501	296
501	551
501	481
502	425
502	516
502	392
503	1102
504	403
504	754
505	1103
505	56
505	770
507	1104
507	362
507	332
508	874
509	952
510	212
511	704
512	158
515	365
515	900
515	1105
516	572
517	1106
518	69
518	110
518	494
518	429
518	388
518	390
519	776
519	819
519	187
519	53
519	1107
519	148
519	900
519	267
519	63
519	1108
519	873
520	65
520	977
521	1110
522	1111
523	257
524	922
524	1068
524	368
524	1112
524	1113
524	296
524	728
525	373
526	650
526	220
527	67
527	57
528	336
529	130
530	722
531	115
531	42
531	571
531	391
531	220
531	703
531	229
531	683
531	232
531	824
531	307
532	10
533	1110
534	924
534	1115
535	41
536	25
536	624
536	69
536	212
536	153
536	304
536	632
536	291
536	81
536	963
536	67
536	68
536	43
536	70
536	567
536	602
536	469
536	165
536	1116
536	113
536	213
536	313
536	543
536	627
536	956
536	288
536	577
536	637
536	139
536	672
536	249
536	51
536	603
536	265
536	556
536	635
536	932
536	96
536	397
537	1117
537	665
538	1118
538	239
538	372
538	201
538	106
538	718
538	1119
538	194
538	964
538	78
538	976
538	313
538	902
538	675
538	166
539	37
539	689
539	294
539	221
539	267
539	279
539	64
540	1120
541	212
541	1121
541	40
541	77
541	25
541	656
541	443
541	948
541	429
541	390
541	243
541	296
541	128
541	613
541	236
541	789
541	602
541	590
541	652
541	18
541	969
541	1124
541	248
541	523
541	69
541	1125
541	791
541	1126
541	814
541	1127
541	1128
541	1082
541	148
541	380
541	1122
541	1123
541	109
541	915
541	85
541	130
541	332
541	267
541	271
541	1130
541	357
541	881
542	1131
542	12
543	130
543	153
543	1026
543	1132
543	57
543	233
543	37
543	551
543	443
543	129
543	56
543	480
543	190
543	40
543	1133
543	77
543	471
543	1065
543	1109
543	386
543	387
543	423
543	1134
543	104
543	1135
543	110
543	217
543	65
543	375
543	1136
543	382
543	1137
543	1138
543	695
543	1139
543	874
543	435
543	816
543	404
543	1140
543	901
543	1141
543	1142
543	273
543	853
543	291
543	16
543	101
543	1143
543	234
543	576
543	664
543	1046
543	251
543	995
543	1144
543	134
543	383
543	1145
543	1146
543	735
543	121
543	1148
543	690
543	1055
543	66
543	933
543	1101
543	1150
543	1151
543	1152
543	783
543	737
543	1153
543	1156
543	1002
543	913
543	975
543	908
543	731
543	817
543	1157
543	1158
543	1159
543	1160
543	793
543	390
543	1161
543	197
543	1162
543	1164
543	1165
543	135
543	166
543	912
543	360
543	564
543	739
543	859
543	1166
543	730
543	931
543	90
543	528
543	341
543	123
543	236
543	74
543	575
543	881
543	373
543	1167
543	304
543	1168
543	306
543	850
543	1037
543	76
543	185
543	429
543	1169
543	177
543	807
543	1170
543	1171
543	896
543	622
543	326
543	5
543	562
543	298
543	148
543	1172
543	100
543	414
543	61
543	665
543	322
543	318
543	479
543	523
543	170
543	368
543	1173
543	929
543	364
543	428
543	1174
543	1175
543	1176
543	41
543	53
543	63
543	102
543	980
543	55
543	804
543	1177
543	255
543	109
543	578
543	758
543	697
543	444
543	73
543	328
543	450
543	819
543	415
543	892
543	1178
543	141
543	1179
543	679
543	3
543	28
543	271
543	887
543	225
543	183
543	891
543	655
543	1181
543	503
543	604
543	1182
543	1183
543	1184
543	194
543	1185
543	524
543	1186
543	179
543	392
543	12
543	1187
543	232
543	448
543	658
543	1188
543	890
543	1189
543	1190
543	1191
543	808
543	315
543	339
543	107
543	226
543	976
543	1192
543	1060
543	895
543	1086
543	432
543	1061
543	240
543	572
543	880
543	560
543	823
543	1194
543	1027
543	762
543	367
543	330
543	1196
543	1197
543	1198
543	734
543	351
543	137
543	934
543	99
543	752
543	379
543	9
543	267
543	227
543	1202
543	1203
543	459
543	1154
543	1204
543	199
543	305
543	707
543	753
543	973
543	844
543	1205
543	998
543	377
543	1206
543	724
543	505
543	193
543	1207
543	683
543	319
543	1208
543	468
543	473
543	42
543	494
543	1117
543	1209
543	284
543	342
543	596
543	701
543	79
543	365
543	877
543	395
543	579
543	296
543	307
543	860
543	1214
543	508
543	915
543	1215
543	32
543	1216
543	509
543	870
543	869
543	1220
543	772
543	396
543	178
543	920
543	868
543	1221
543	765
543	2
543	465
543	46
543	781
543	421
543	280
543	407
543	1116
543	301
543	1029
543	1224
543	159
543	878
543	1225
543	111
543	747
543	78
543	770
543	1226
543	358
543	510
543	1229
543	801
543	1230
543	1211
543	848
543	851
543	1147
543	826
543	221
543	278
543	705
543	818
543	780
543	805
543	1231
543	1232
543	1233
543	228
543	30
543	767
543	1222
543	1234
543	820
543	582
543	1235
543	1236
543	26
543	1098
543	1237
543	14
543	204
543	1238
543	122
543	1085
543	446
543	257
543	815
543	224
543	846
543	103
543	919
543	282
543	809
543	1128
543	1129
543	220
543	157
543	1084
543	1193
543	769
543	1130
543	1239
543	1114
543	1240
543	131
543	218
543	320
543	1241
543	768
543	406
543	1242
543	732
543	230
543	749
543	936
543	235
543	917
543	810
543	1244
543	106
543	1245
543	312
543	647
543	1246
543	425
543	979
543	741
543	662
543	303
543	290
543	974
543	394
543	180
543	750
543	1247
543	1243
543	156
543	256
543	999
543	1248
543	433
543	411
543	1249
543	813
543	1217
543	1250
543	589
543	1251
543	1252
543	942
543	926
543	115
543	526
543	1052
543	1045
543	163
543	1254
543	391
543	1093
543	1255
543	403
543	1256
543	172
543	514
543	231
543	1257
543	1097
543	495
543	244
543	344
543	1260
543	958
543	262
543	1195
543	300
543	1262
543	15
543	371
543	871
543	1219
543	146
543	1263
543	559
543	755
543	992
543	838
543	1218
543	748
543	1264
543	89
543	114
543	785
543	1265
543	118
543	812
543	968
543	671
543	239
543	834
543	259
543	821
543	19
543	858
543	1268
543	1269
543	745
543	1087
543	1270
543	773
543	1163
543	693
543	733
543	52
543	6
543	825
543	883
543	1273
543	1274
543	866
543	1275
543	836
543	1036
543	389
543	644
543	1199
543	1276
543	1277
543	462
543	112
543	847
543	266
543	292
543	1278
543	740
543	696
543	1107
543	997
543	1279
543	1281
543	329
543	1282
543	417
543	638
543	1283
543	590
543	682
543	369
543	568
543	1285
543	1286
543	264
543	521
543	763
543	207
543	1287
543	478
543	1100
543	736
543	1288
543	1113
543	1289
543	126
543	10
543	766
543	1074
543	842
543	832
543	362
543	1295
543	1155
543	531
543	863
543	727
543	978
543	728
543	876
543	1296
543	845
543	206
543	363
543	1297
543	580
543	449
543	1023
543	507
543	1020
543	581
543	1298
543	1201
543	1108
543	849
543	132
543	136
543	837
543	11
543	743
543	1300
543	1301
543	286
543	591
543	168
543	957
543	861
543	811
543	317
543	691
543	1284
543	162
543	1304
543	125
543	1305
543	570
543	1306
543	1307
543	1253
543	1308
543	599
543	991
543	1042
544	437
545	365
545	1189
546	7
546	1311
546	320
546	1312
546	37
546	812
546	131
546	957
546	811
547	914
547	1313
547	1260
547	729
547	1314
547	1194
547	1288
547	1315
547	1316
547	679
547	1136
547	404
547	1261
547	901
547	134
547	592
547	1317
547	1318
547	1183
547	1250
547	1319
547	405
547	1320
547	1259
547	158
547	65
547	1276
547	804
547	820
547	1275
547	857
547	1322
547	1105
547	1323
547	1227
547	1137
547	1324
547	1138
547	695
547	135
547	460
547	1325
547	1326
547	1327
547	1328
547	790
547	1086
547	906
547	1205
547	1329
547	300
547	1330
547	591
547	653
547	1331
547	525
547	819
547	788
547	391
547	1333
547	1334
547	1335
547	835
547	1336
547	394
547	926
547	1337
547	860
547	462
547	1340
547	1341
547	526
547	1338
547	1339
547	1197
547	1198
547	1342
547	379
547	1212
547	1083
547	1084
547	1308
547	1332
547	655
547	1343
547	115
547	908
547	1283
547	1149
547	164
547	417
547	1321
547	419
547	943
547	1346
547	856
547	1066
547	559
547	1196
547	1200
547	1347
547	1348
547	19
547	1088
547	1296
547	1349
547	1344
547	597
547	1266
547	803
547	898
547	598
547	1353
547	1354
547	1355
547	1356
547	1201
547	1357
547	1224
547	1247
547	596
547	1182
547	1206
547	1204
547	1358
547	1300
547	1359
547	1360
547	585
547	1361
547	1362
547	427
547	1350
547	1363
547	1364
547	1345
547	1368
547	1370
547	773
547	1302
547	1352
547	1161
547	1371
547	1372
547	1294
547	1213
547	1291
547	1271
547	1029
547	1351
547	1221
547	1365
547	1228
547	1367
547	1376
547	1292
547	420
547	1293
547	1374
547	1366
547	1303
547	1373
547	1377
547	1369
547	1375
547	554
547	899
548	84
549	296
550	366
550	320
550	151
550	10
550	505
550	368
550	52
550	313
550	438
551	347
551	602
551	203
551	1378
551	120
551	198
551	243
551	128
551	629
551	242
551	949
551	903
551	356
551	652
551	18
551	241
551	25
551	969
551	438
551	265
551	23
551	1123
551	1011
551	109
551	332
551	630
551	445
551	1063
551	927
551	497
551	402
551	262
551	1082
551	1013
551	530
551	764
551	357
551	543
552	235
552	172
553	443
553	990
553	1262
553	271
553	1379
553	304
553	109
553	881
553	305
553	162
553	1380
555	656
555	37
555	1125
555	138
555	701
555	493
555	1381
555	1130
555	1312
555	1382
556	103
556	699
556	56
556	166
557	195
559	256
559	120
559	66
559	7
559	67
559	113
559	110
559	57
559	51
559	157
559	37
559	61
559	549
560	217
560	110
560	296
560	1278
561	1062
563	18
563	199
563	446
563	360
563	7
564	650
565	1167
565	734
565	1231
566	66
567	40
567	387
567	275
567	1162
567	946
567	120
567	43
567	110
567	53
567	67
567	551
567	870
567	346
567	322
567	241
567	658
567	243
567	217
567	317
567	1147
567	802
567	649
567	78
567	79
567	51
567	198
567	80
567	50
567	32
567	543
567	156
567	72
567	1312
567	246
567	787
567	248
567	662
567	259
567	1015
567	397
567	36
567	37
567	368
567	530
567	63
567	874
567	1383
568	318
568	890
569	12
569	256
569	57
569	37
569	1384
569	375
569	589
569	206
569	691
569	305
569	312
569	1385
569	180
569	240
569	273
569	352
570	649
570	1386
571	177
571	529
571	5
571	10
571	185
571	96
571	129
571	847
571	119
571	916
571	396
571	845
571	223
573	509
573	558
573	18
573	64
573	264
574	42
574	56
575	1387
575	263
575	1388
575	128
577	145
577	1087
577	722
577	220
578	924
578	270
579	339
580	786
580	952
580	642
580	337
581	718
582	1023
582	20
583	1389
584	335
585	378
585	1390
587	528
588	155
588	1079
588	930
588	242
588	75
588	147
588	1391
588	447
588	18
588	43
588	754
588	80
588	1392
588	1393
588	186
588	549
588	640
588	945
588	274
588	275
588	272
589	310
589	56
590	236
590	763
590	187
590	1380
591	248
591	191
591	189
591	397
591	429
591	347
592	183
592	256
594	979
595	109
595	1189
595	1394
596	377
596	240
596	468
597	663
597	800
597	327
598	66
598	1232
598	928
598	154
598	110
598	109
598	37
598	687
598	328
598	564
598	861
599	159
599	1395
600	924
600	906
601	10
602	650
602	940
602	207
602	388
602	396
602	65
603	1052
604	7
604	494
604	199
605	429
606	307
607	220
607	680
607	889
607	5
607	870
607	507
607	778
607	571
607	110
607	223
607	259
608	5
608	396
609	12
610	429
611	423
612	1396
612	1397
612	1398
612	1399
612	775
612	777
612	1400
613	338
614	1000
615	122
618	51
619	73
619	377
619	542
619	771
620	409
620	1051
620	153
620	14
620	344
621	770
621	151
622	269
623	1401
624	435
624	344
624	77
624	1203
625	1402
626	113
628	185
629	793
629	56
629	37
631	365
632	701
632	236
633	51
633	90
633	277
633	81
634	74
635	77
636	229
637	56
637	233
637	1162
638	1005
639	458
639	177
640	400
640	905
641	476
642	168
643	296
643	581
644	5
645	40
645	294
645	20
646	331
647	77
647	824
647	519
647	759
648	562
648	263
648	340
648	638
648	20
650	78
650	44
650	54
650	896
650	872
650	472
650	1089
651	996
651	1403
651	159
651	1404
651	317
651	110
651	166
652	46
652	471
653	26
656	212
656	153
656	74
656	226
656	67
656	57
656	40
656	14
656	344
656	7
656	863
656	66
656	266
657	1108
658	787
658	67
659	221
659	153
660	56
661	217
663	1405
664	306
665	267
666	236
667	499
667	1250
667	1319
667	1037
667	183
667	722
667	309
668	558
669	67
671	950
672	204
672	402
672	344
672	347
673	416
673	1334
673	1406
674	530
674	122
674	49
674	1040
674	7
674	152
674	165
674	210
674	63
674	236
674	74
674	372
674	721
676	435
676	699
678	1030
679	211
680	396
680	207
680	843
680	1299
681	1037
681	220
681	42
683	220
683	211
684	64
684	191
684	67
684	296
684	114
684	1113
684	1289
684	61
684	1407
684	318
684	794
684	275
684	261
684	14
684	299
684	166
684	239
684	130
684	979
684	295
684	941
684	66
685	220
685	87
685	129
685	816
685	852
685	426
685	1317
685	1318
685	19
685	855
685	404
685	9
685	288
685	318
685	1203
685	222
685	703
685	51
685	236
685	5
685	43
685	108
685	819
685	1260
685	1222
685	866
685	37
685	45
685	752
685	322
685	120
685	16
685	641
685	642
685	1284
686	726
686	76
686	680
686	13
686	476
686	1382
686	1037
687	5
688	113
688	69
688	120
688	80
688	373
688	186
688	602
688	684
688	202
688	274
688	72
688	372
688	1011
688	261
688	313
688	1014
688	921
688	556
688	1378
688	241
689	37
689	67
689	38
689	39
689	40
689	157
689	98
689	294
689	180
689	7
689	246
689	57
689	113
689	444
689	450
689	332
689	44
689	950
689	110
689	48
689	51
689	97
689	1409
689	292
689	346
689	87
689	957
689	312
689	719
689	61
689	256
689	32
689	543
689	72
689	344
689	277
689	129
689	163
689	34
690	56
690	414
690	1238
691	7
692	41
692	68
692	877
692	658
692	985
692	320
692	334
692	39
692	577
692	1410
693	67
693	1297
693	111
693	859
695	927
695	400
695	310
695	1411
695	270
695	332
696	147
696	1412
696	25
696	1012
698	110
699	274
700	273
700	12
700	206
700	650
701	477
702	56
702	1257
704	153
706	743
707	41
707	177
707	130
707	701
707	271
707	994
707	56
707	887
707	377
707	849
707	119
707	319
707	565
707	291
707	5
707	1248
707	305
707	1024
707	805
707	1098
707	306
707	571
707	1223
707	114
707	64
707	466
707	1068
707	115
707	917
707	858
707	1111
707	180
707	310
707	7
707	152
708	829
710	77
711	819
711	952
711	38
711	211
711	955
711	131
711	168
711	61
711	267
711	109
711	881
711	375
711	66
711	347
711	311
711	166
711	271
711	221
711	247
712	1036
713	263
714	320
715	109
716	1413
717	544
718	550
718	67
718	819
718	946
719	564
721	41
721	210
722	556
722	443
723	1414
724	924
724	377
724	87
725	466
725	499
725	1415
725	220
726	780
727	37
728	443
728	41
729	336
730	5
731	414
732	894
732	338
732	159
733	7
734	471
735	57
736	924
736	446
736	300
737	1006
737	113
737	440
737	50
737	40
737	183
737	400
737	1416
737	77
737	601
739	310
739	531
740	270
741	264
742	7
743	1417
746	59
746	239
747	284
748	80
748	264
749	1162
750	52
750	153
750	204
751	305
751	697
751	414
752	30
753	830
753	375
753	974
753	32
753	1418
753	660
753	10
753	14
753	280
753	123
753	122
753	52
753	1419
753	381
753	291
753	64
754	528
755	84
756	84
757	435
757	920
758	1346
759	153
759	1076
759	1421
759	544
759	306
759	586
759	1422
759	1423
759	41
760	109
761	935
762	575
762	110
762	885
762	508
762	227
762	948
763	56
764	904
764	1203
765	350
765	1038
766	113
766	114
766	395
767	435
767	165
769	128
769	1052
769	496
769	103
770	168
771	949
772	1424
772	430
772	434
772	37
772	6
772	1171
772	583
772	162
772	319
772	1425
772	297
772	114
772	1426
772	444
772	564
772	1427
772	292
772	1428
772	1270
772	1242
772	418
772	40
772	1173
772	1141
772	1284
772	406
772	1429
772	76
772	224
772	46
772	221
772	781
772	1430
772	1431
772	753
772	1432
772	294
772	1249
772	1433
772	1091
772	1434
772	864
772	1435
772	1436
772	1437
772	1210
772	5
772	1403
772	1156
772	1438
772	1118
772	1439
772	1441
772	411
772	671
772	1282
772	791
772	798
772	1440
772	299
772	341
772	1268
772	1442
772	575
772	1380
772	1443
772	1444
772	1445
772	1446
772	800
772	1447
772	1448
772	569
772	380
772	1449
772	1035
772	1450
772	562
772	1451
772	673
772	166
772	815
772	1187
772	1180
772	579
772	1452
772	156
772	1453
772	789
772	1454
772	217
772	1455
772	1456
772	996
772	1061
772	1234
772	239
772	59
772	1457
772	1026
772	1458
772	384
772	644
772	877
772	109
772	1280
772	1459
772	1199
772	1305
772	101
772	1186
772	1460
772	1461
772	382
772	1462
772	743
772	1154
772	670
772	805
772	566
772	296
772	1285
772	1463
772	504
772	1464
772	1046
772	814
772	1465
772	1466
772	329
772	757
772	1309
772	913
772	163
772	190
772	1325
772	1467
772	675
772	194
772	118
772	435
772	244
772	1468
772	862
772	778
772	794
772	413
772	570
772	1269
772	1277
772	851
772	563
772	810
772	267
772	879
772	988
772	833
772	316
772	32
772	553
772	257
772	599
772	440
772	819
772	870
772	424
772	226
772	303
772	990
772	1469
772	821
772	1306
772	305
772	869
772	375
772	352
772	367
772	544
772	1470
772	1130
772	443
772	342
772	508
772	1471
772	1054
772	251
772	390
772	126
772	1052
772	232
772	1297
772	289
772	1258
772	115
772	825
772	111
772	1326
772	522
772	1255
772	131
772	295
772	874
772	1233
773	1010
773	270
773	1472
773	1473
773	150
773	1257
773	264
773	42
773	688
773	68
773	47
773	375
773	152
774	67
774	56
775	784
775	875
775	32
776	63
776	1
776	356
776	56
776	190
777	715
778	436
778	120
778	155
778	1195
779	1474
779	754
780	888
780	165
780	325
780	390
780	1380
780	816
780	57
780	599
781	56
781	202
781	650
781	1087
782	372
783	159
784	1254
785	1449
785	166
785	542
786	712
786	275
787	97
788	365
790	1129
791	203
791	610
791	313
791	139
791	46
792	767
792	41
793	526
793	477
794	98
796	206
797	650
797	676
798	1475
798	1413
798	1476
799	373
799	42
800	20
800	703
800	183
801	279
801	689
802	464
802	120
802	56
802	67
802	61
802	243
802	63
802	158
802	18
802	305
803	42
803	210
803	639
803	377
803	1477
804	1478
804	89
804	722
805	1085
806	986
807	217
808	180
808	46
809	78
809	383
809	322
809	296
809	738
809	889
809	658
809	934
809	109
809	505
809	333
810	209
811	53
811	811
811	721
811	351
811	828
811	296
811	784
811	1254
812	220
812	207
813	310
814	621
815	548
816	120
816	4
816	1015
817	74
817	56
818	213
819	294
819	968
819	1479
819	441
820	886
820	1123
820	969
821	675
821	113
821	69
821	722
821	571
822	193
824	373
825	891
825	767
826	880
826	248
826	77
827	10
828	1123
829	1480
830	39
830	54
831	636
833	743
833	740
834	358
835	213
835	120
835	450
835	248
835	74
835	67
835	444
835	241
835	41
835	10
835	38
836	63
837	313
837	203
837	149
837	323
837	39
837	580
837	248
838	1179
839	279
839	241
839	238
839	605
839	110
839	10
839	213
839	966
839	634
839	533
839	1004
839	322
839	120
839	36
839	56
839	435
839	39
839	71
839	80
839	619
839	243
839	496
839	949
839	1008
839	950
839	951
839	128
839	237
839	614
839	613
839	629
839	28
839	165
839	602
839	239
839	710
839	711
839	555
839	25
839	600
839	67
839	632
839	350
839	248
839	603
839	272
839	346
839	1007
839	98
839	18
839	44
839	323
839	1010
839	51
839	38
839	139
839	212
839	256
839	927
839	649
839	289
839	577
839	714
839	608
839	75
839	348
839	262
839	43
839	397
839	642
839	719
839	561
839	16
839	270
839	606
839	287
839	186
839	549
839	640
839	269
839	276
839	543
840	1120
841	46
841	421
841	67
842	880
842	53
842	64
842	1309
844	464
844	595
844	1
845	107
846	546
847	153
848	1116
849	76
849	180
851	509
851	510
851	286
851	450
851	896
851	867
851	1178
851	647
851	110
851	1433
852	236
852	205
852	26
852	157
852	1023
852	7
852	40
852	212
853	121
854	815
855	87
857	151
859	114
859	1140
859	1298
859	390
859	780
859	1481
859	296
859	1471
859	1482
859	1279
859	1483
859	609
859	1401
859	1022
859	1238
859	1470
859	1064
859	763
859	228
859	1484
859	289
859	16
859	408
859	480
859	435
859	743
859	523
859	646
859	121
859	239
859	1449
859	1090
859	312
859	86
859	193
859	135
859	233
859	958
859	656
860	64
860	5
861	929
862	157
863	50
863	386
863	603
863	383
863	1094
863	721
863	68
863	1003
863	34
863	69
863	56
863	614
863	151
863	1462
863	641
863	23
863	88
864	343
866	1066
867	827
868	78
868	195
869	443
869	74
869	157
869	129
869	63
869	212
869	670
869	583
869	478
869	743
869	217
869	76
869	509
870	447
871	10
871	59
871	425
871	426
872	577
872	107
873	40
873	320
873	702
873	1099
873	1133
873	726
873	236
873	834
873	175
873	226
873	67
873	522
873	41
873	120
873	187
873	77
873	1068
873	481
873	10
873	110
873	1074
873	51
873	1215
873	317
873	1147
873	802
873	7
873	76
873	1010
873	79
873	322
873	38
873	107
873	658
873	213
873	157
873	319
873	1129
873	966
873	16
873	207
873	523
873	513
873	255
873	1485
873	752
873	5
873	910
873	199
873	1486
873	14
873	360
873	220
873	232
873	1416
873	553
873	920
873	671
873	832
873	510
873	1286
873	1153
873	1148
873	415
873	842
873	296
873	515
873	990
873	121
873	8
873	311
873	9
873	227
873	271
873	748
873	109
873	517
873	874
873	1162
873	259
873	978
873	425
873	979
873	741
873	530
873	165
873	557
873	89
873	291
873	42
873	154
873	395
873	59
873	339
874	37
874	400
874	1488
874	843
874	267
874	1098
874	726
874	540
874	562
874	207
875	128
875	1489
875	680
876	342
876	213
876	397
876	51
876	429
876	42
877	5
877	80
877	248
877	637
877	249
878	96
879	868
880	639
881	367
882	43
884	976
886	1106
886	923
887	0
888	430
889	1386
889	1424
889	463
889	1264
889	106
889	5
890	219
891	475
892	463
893	351
893	811
893	267
893	480
893	834
893	436
893	32
893	494
893	319
893	582
893	1235
893	63
893	579
893	1108
893	1101
893	588
893	537
893	114
893	325
893	578
893	131
893	126
893	1117
893	271
893	145
893	701
893	46
893	504
893	296
893	495
893	341
893	291
893	407
893	564
893	1349
893	390
893	522
894	46
894	292
895	494
895	77
896	470
897	1490
897	1491
897	1087
898	528
899	37
900	989
901	522
902	153
902	1176
902	444
902	450
902	816
902	752
902	343
902	896
902	1230
902	199
902	230
902	812
902	130
902	468
902	658
902	697
902	1379
902	891
902	1148
902	562
902	212
902	430
902	767
902	517
902	311
902	1295
902	1218
902	1243
902	236
902	845
902	931
902	915
902	670
902	129
902	32
902	316
902	510
902	662
902	859
902	578
902	599
902	853
902	881
902	290
902	811
902	1193
902	973
902	865
902	296
902	363
902	579
903	908
904	123
905	269
906	782
906	538
906	395
906	193
906	305
906	1492
906	941
906	550
906	290
907	1031
908	377
908	5
908	460
908	56
908	766
908	319
908	380
908	790
908	119
909	72
909	275
909	712
910	135
910	159
910	463
910	109
910	244
910	1272
910	306
910	512
910	1460
910	678
910	1493
910	363
910	1113
910	929
910	1215
910	299
910	391
910	322
910	1382
910	217
910	881
910	1020
910	166
910	914
911	135
912	1394
913	94
914	243
914	194
914	242
914	969
914	439
914	110
914	684
914	332
914	1079
914	30
914	1488
914	189
914	1378
914	1082
914	1494
915	841
916	1071
916	56
918	1495
920	1487
921	1235
922	242
923	79
923	377
923	335
924	122
924	347
924	128
924	121
924	290
924	1403
925	233
926	323
926	495
926	362
926	351
927	63
927	1300
927	1088
927	1218
927	942
927	217
927	815
927	1022
927	328
927	566
927	40
927	816
927	809
927	1186
927	61
927	658
927	834
927	575
927	1265
927	819
927	853
927	363
927	1027
927	317
927	1279
927	1143
927	851
927	1161
927	107
927	891
927	769
927	741
927	305
927	46
927	1496
928	41
928	56
928	108
929	834
931	76
931	687
932	1487
933	37
933	46
933	1069
933	806
933	869
933	232
933	236
933	166
933	522
933	977
933	14
933	508
935	10
935	109
935	14
935	344
935	762
936	312
936	691
937	65
938	1497
939	443
939	259
939	1109
939	252
940	131
941	603
942	291
942	177
943	421
943	68
943	72
943	235
944	84
944	1498
944	464
945	338
946	1499
946	371
949	923
950	957
951	1500
952	762
952	1108
953	105
953	122
953	344
953	1420
953	1377
954	1501
954	950
955	120
955	360
955	380
956	435
956	1502
956	657
956	405
956	46
956	243
956	663
956	1024
956	819
956	1503
956	7
956	57
956	717
956	122
956	24
956	686
956	1395
956	1479
956	947
956	402
956	463
956	1419
956	548
956	239
956	955
956	183
956	170
956	275
957	1065
957	109
957	881
957	165
958	292
959	1504
959	299
959	553
959	294
959	82
959	1487
959	4
959	290
959	791
960	1189
961	177
961	1386
961	153
961	219
961	531
961	130
961	110
961	780
961	1505
961	198
961	1501
961	851
961	466
961	56
961	291
961	84
961	42
961	476
961	1506
961	548
962	7
963	18
964	6
964	759
965	343
965	56
965	1257
966	730
968	425
968	307
968	876
969	957
969	579
970	209
971	187
971	387
971	737
971	443
971	23
971	562
971	201
971	189
971	743
971	194
971	796
971	56
971	565
971	1407
971	1196
971	1253
971	148
971	221
971	256
971	37
971	261
971	241
971	1507
971	811
971	375
972	733
973	156
973	603
973	43
973	225
973	1005
973	122
973	113
973	502
973	534
973	236
973	109
973	1295
973	147
973	468
973	543
973	67
973	56
973	57
973	184
973	110
973	1023
973	1020
973	998
973	877
973	670
973	614
973	1128
973	213
973	51
973	119
973	90
973	307
973	834
973	226
973	66
973	347
973	689
973	29
975	1510
975	1509
975	1508
977	304
978	365
979	69
979	113
979	438
979	198
980	105
981	180
981	587
981	768
981	119
982	206
983	852
984	472
984	69
985	741
986	826
986	1071
987	1074
988	765
989	1261
990	39
991	458
993	283
994	163
994	819
994	888
995	44
995	7
996	64
997	90
998	698
998	67
999	1511
1000	56
1002	696
1002	299
1002	236
1002	59
1002	590
1002	110
1002	7
1002	659
1002	193
1002	479
1003	1512
1003	66
1005	1412
1005	1498
1005	437
1005	84
1005	547
1006	1000
1007	388
1008	265
1009	200
1009	190
1009	1
1010	392
1010	466
1010	110
1011	973
1011	110
1011	878
1011	785
1011	106
1011	147
1011	222
1011	1477
1011	61
1011	1504
1011	587
1011	1093
1011	890
1012	166
1013	728
1013	656
1013	973
1013	658
1013	80
1013	1218
1013	73
1013	236
1013	248
1013	528
1013	177
1013	23
1013	1170
1013	74
1013	578
1013	614
1013	612
1013	734
1013	239
1013	1167
1013	1190
1013	454
1013	724
1013	739
1013	373
1013	330
1013	603
1013	203
1013	731
1013	1513
1013	186
1013	1265
1013	579
1013	159
1013	262
1013	232
1013	249
1013	824
1013	730
1013	90
1013	200
1013	206
1013	306
1014	41
1015	365
1015	515
1016	40
1017	154
1018	387
1018	221
1018	888
1018	743
1018	256
1018	391
1018	377
1018	1046
1019	57
1021	1514
1021	23
1021	37
1021	262
1022	455
1022	780
1022	1515
1023	528
1023	65
1025	318
1027	263
1028	995
1028	965
1029	239
1029	19
1029	788
1030	12
1031	949
1031	106
1031	995
1031	43
1031	631
1031	199
1031	172
1031	318
1032	221
1032	67
1032	1131
1032	739
1032	46
1032	7
1032	290
1033	40
1033	1045
1034	653
1035	995
1035	56
1035	681
1035	128
1035	242
1035	356
1035	243
1035	903
1035	23
1035	684
1035	969
1035	18
1035	248
1035	1032
1035	771
1036	555
1037	121
1037	1023
1038	271
1039	120
1040	1281
1041	1037
1042	728
1043	67
1044	1290
1045	53
1045	771
1045	166
1046	37
1046	602
1046	38
1046	39
1046	471
1046	71
1046	781
1046	97
1046	1502
1046	41
1046	1101
1046	665
1046	170
1046	714
1046	190
1046	114
1046	313
1046	564
1046	245
1046	113
1046	10
1046	1009
1046	1516
1046	656
1046	68
1046	123
1046	689
1046	346
1046	449
1046	956
1046	44
1046	366
1046	375
1046	236
1046	246
1046	244
1046	967
1046	1311
1046	267
1046	701
1046	624
1046	1023
1046	600
1046	130
1046	463
1046	132
1046	137
1046	7
1046	265
1046	1037
1046	8
1046	108
1046	1234
1046	1222
1046	866
1046	746
1046	425
1046	392
1046	876
1047	346
1049	1062
1050	313
1050	255
1050	76
1051	425
1052	1216
1053	67
1053	443
1053	41
1053	101
1053	236
1053	7
1054	369
1055	661
1055	307
1056	207
1056	5
1056	463
1057	911
1057	499
1057	900
1057	890
1057	650
1057	135
1059	346
1059	46
1059	41
1059	47
1059	338
1059	995
1059	1038
1059	48
1062	945
1062	10
1063	106
1063	1517
1064	463
1064	1417
1065	23
1066	240
1067	54
1067	39
1067	43
1067	522
1067	56
1067	87
1067	784
1067	41
1067	248
1067	995
1067	421
1067	122
1067	238
1067	321
1067	577
1067	322
1067	1165
1067	103
1067	7
1067	110
1067	10
1067	1178
1068	968
1070	166
1071	650
1071	209
1072	87
1073	696
1073	580
1073	396
1074	742
1074	232
1074	310
1074	314
1075	841
1076	1000
1077	57
1077	7
1077	360
1077	212
1077	641
1078	1220
1079	1037
1081	121
1081	704
1081	20
1081	145
1081	804
1081	1230
1081	674
1081	429
1082	44
1082	153
1082	321
1082	45
1083	75
1085	853
1085	193
1086	511
1087	165
1087	1417
1088	152
1088	213
1088	41
1088	64
1088	290
1088	52
1088	1518
1088	320
1088	122
1088	1383
1088	781
1088	120
1088	36
1088	10
1088	43
1088	603
1088	68
1088	264
1088	200
1088	210
1088	153
1088	67
1088	7
1088	50
1088	321
1088	543
1088	38
1088	72
1088	545
1089	231
1090	38
1090	96
1090	39
1090	68
1090	113
1090	97
1090	834
1090	407
1091	1025
1091	37
1091	32
1091	180
1091	360
1091	647
1091	110
1091	1175
1091	46
1091	435
1091	827
1091	830
1091	226
1091	18
1091	1406
1091	40
1091	1233
1091	221
1091	929
1091	291
1091	1519
1091	235
1091	962
1091	656
1091	1520
1091	958
1091	522
1091	1521
1091	977
1091	854
1091	53
1091	670
1091	495
1091	233
1091	735
1091	267
1091	1522
1091	181
1091	107
1091	292
1091	367
1091	446
1091	1523
1091	1453
1091	76
1091	443
1091	743
1091	225
1091	797
1091	305
1091	564
1091	737
1091	79
1091	1524
1091	1512
1091	1253
1091	968
1091	217
1091	1525
1091	1097
1091	1526
1091	1492
1091	163
1091	1098
1091	795
1091	218
1091	1527
1091	1104
1091	1528
1091	170
1091	1125
1091	259
1091	404
1091	345
1091	1017
1091	351
1091	106
1091	1122
1091	440
1091	1241
1091	214
1091	425
1091	125
1091	801
1091	917
1091	166
1092	1299
1093	1513
1093	87
1094	977
1095	475
1096	180
1097	347
1097	212
1097	66
1097	80
1097	1024
1098	318
1099	263
1100	1529
1100	815
1100	1530
1101	212
1101	1531
1101	10
1102	696
1103	35
1104	508
1104	450
1104	330
1104	180
1104	120
1104	66
1104	80
1104	157
1104	248
1104	519
1104	129
1106	183
1106	56
1107	212
1109	571
1110	77
1110	248
1110	367
1110	32
1110	447
1110	51
1110	163
1110	72
1110	7
1110	41
1110	131
1111	187
1112	423
1112	1156
1112	924
1113	25
1113	236
1113	566
1113	360
1113	1116
1113	165
1113	85
1113	446
1113	166
1113	370
1114	44
1115	103
1116	144
1117	37
1117	139
1117	867
1117	163
1117	522
1117	77
1117	921
1117	681
1117	896
1117	402
1117	96
1117	1473
1117	43
1117	316
1117	986
1117	219
1117	196
1117	561
1117	66
1117	98
1117	1155
1117	391
1117	41
1117	116
1117	87
1117	274
1117	428
1117	444
1117	714
1117	838
1117	621
1117	1101
1117	577
1117	264
1117	23
1117	910
1117	603
1117	752
1117	1125
1117	69
1117	637
1117	615
1117	38
1117	326
1117	53
1117	213
1117	225
1117	332
1117	304
1117	388
1117	784
1117	628
1117	877
1117	1344
1117	71
1117	1475
1117	985
1117	1518
1117	0
1117	143
1117	248
1117	54
1117	1266
1117	36
1117	949
1117	115
1117	63
1117	1359
1117	695
1117	360
1117	56
1117	973
1117	743
1117	232
1117	1299
1117	639
1117	924
1117	377
1117	654
1117	68
1117	1115
1117	375
1117	908
1117	950
1117	1416
1117	425
1117	990
1117	209
1117	57
1117	18
1117	130
1117	399
1117	403
1117	1138
1117	39
1117	1045
1117	905
1117	70
1117	454
1117	410
1117	957
1117	697
1117	346
1117	350
1117	371
1117	64
1117	1024
1117	459
1117	378
1117	580
1117	165
1117	2
1117	880
1117	551
1117	122
1117	815
1117	27
1117	177
1117	314
1117	1047
1117	991
1117	287
1117	4
1117	259
1117	865
1117	1026
1117	61
1117	129
1117	401
1117	183
1117	816
1117	745
1117	51
1117	14
1117	255
1117	575
1117	498
1117	1046
1117	1220
1117	509
1117	780
1117	1264
1117	160
1117	262
1117	626
1117	994
1117	310
1117	1533
1117	588
1117	109
1117	243
1117	67
1117	793
1117	337
1117	220
1117	76
1117	832
1117	127
1117	294
1117	682
1117	278
1117	372
1117	156
1117	344
1117	807
1117	782
1117	1513
1117	236
1117	313
1117	80
1117	564
1117	174
1117	429
1117	128
1117	704
1117	251
1117	890
1117	532
1117	1107
1117	413
1117	798
1117	112
1117	1337
1117	226
1117	471
1117	1479
1117	895
1117	480
1117	288
1117	275
1117	452
1117	200
1117	960
1117	75
1117	912
1117	8
1117	690
1117	982
1117	703
1117	486
1117	599
1117	535
1117	306
1117	364
1117	822
1117	351
1117	305
1117	531
1117	311
1117	1087
1117	826
1117	266
1117	315
1117	881
1117	52
1117	1017
1117	79
1117	608
1117	997
1117	500
1117	591
1117	888
1117	1273
1117	246
1117	952
1117	5
1117	193
1117	1534
1117	412
1117	270
1117	1209
1117	891
1117	121
1117	81
1117	944
1117	631
1117	178
1117	539
1117	741
1117	249
1117	656
1117	211
1117	1499
1117	995
1117	44
1117	726
1117	1254
1117	709
1117	283
1117	291
1117	1010
1117	499
1117	576
1117	95
1117	241
1117	624
1117	649
1117	148
1117	265
1117	943
1117	632
1117	32
1117	367
1117	1031
1117	72
1117	260
1117	321
1117	1498
1117	928
1117	1100
1117	1175
1117	733
1117	199
1117	642
1117	767
1117	1124
1117	107
1117	365
1117	83
1117	85
1117	106
1117	1062
1117	688
1117	16
1117	154
1117	956
1117	611
1117	722
1117	1257
1117	7
1117	221
1117	1381
1117	447
1117	1413
1117	126
1117	969
1117	689
1117	728
1117	962
1117	212
1117	792
1117	635
1117	228
1117	545
1117	343
1117	606
1117	59
1117	613
1117	1215
1117	781
1117	194
1117	357
1117	870
1117	717
1117	50
1117	217
1117	1021
1117	184
1117	505
1117	692
1117	147
1117	961
1117	761
1117	796
1117	210
1117	834
1117	1147
1117	904
1117	10
1117	1041
1117	610
1117	926
1117	763
1117	296
1117	809
1117	727
1117	152
1117	334
1117	494
1117	933
1117	1471
1117	579
1117	299
1117	276
1117	1068
1117	1007
1117	12
1117	882
1117	849
1117	114
1117	324
1117	919
1117	1408
1117	1165
1117	758
1117	170
1117	415
1117	284
1117	166
1117	847
1117	113
1118	241
1118	203
1118	945
1118	248
1118	23
1118	243
1118	949
1118	356
1118	239
1118	56
1118	69
1118	323
1118	78
1118	262
1118	22
1118	332
1118	61
1118	955
1118	1016
1118	120
1118	951
1118	296
1118	1499
1118	25
1120	1199
1121	852
1121	1217
1122	166
1122	221
1123	1489
1123	325
1124	221
1125	367
1126	1536
1126	1005
1126	70
1126	135
1126	170
1126	584
1126	709
1126	113
1126	23
1126	213
1126	46
1126	910
1126	306
1126	56
1126	656
1126	323
1126	39
1126	256
1126	77
1126	758
1126	310
1126	32
1126	957
1126	239
1126	189
1126	199
1126	1487
1127	42
1127	811
1128	1537
1128	210
1128	1538
1128	157
1128	296
1128	380
1128	831
1128	88
1128	501
1128	177
1128	984
1128	729
1128	56
1128	62
1128	220
1128	743
1128	5
1128	162
1128	1539
1128	431
1128	290
1128	27
1128	305
1128	713
1128	310
1128	6
1128	213
1128	1415
1128	637
1128	212
1128	223
1130	200
1131	1037
1131	220
1131	183
1132	900
1133	202
1134	32
1134	316
1134	130
1134	849
1135	165
1136	808
1137	1040
1138	1540
1138	74
1138	56
1138	743
1139	377
1140	437
1141	6
1142	962
1142	1175
1142	919
1142	61
1142	743
1142	159
1142	885
1142	916
1144	603
1145	1112
1148	65
1150	42
1150	31
1150	1403
1150	109
1151	153
1151	120
1153	365
1153	363
1153	605
1153	479
1154	40
1154	56
1154	157
1154	122
1154	57
1154	768
1155	40
1155	255
1155	157
1155	1099
1155	1203
1155	958
1155	522
1155	605
1155	23
1155	221
1155	135
1155	170
1155	46
1155	61
1155	421
1155	169
1155	360
1155	26
1155	826
1155	156
1155	256
1155	77
1155	519
1155	37
1155	471
1155	686
1155	158
1155	270
1155	259
1155	722
1155	309
1155	507
1155	267
1155	1089
1155	776
1155	1148
1155	896
1155	217
1155	1471
1155	92
1155	52
1155	311
1155	14
1155	199
1156	338
1156	84
1158	696
1159	1516
1160	306
1160	443
1160	80
1160	56
1160	403
1160	1057
1160	212
1160	877
1160	747
1160	67
1160	380
1160	1507
1160	109
1160	723
1160	1276
1160	236
1160	220
1160	1169
1160	1156
1160	199
1160	590
1160	555
1160	1075
1160	1232
1160	544
1160	134
1160	1346
1160	977
1160	660
1160	405
1160	421
1160	707
1160	296
1160	57
1160	409
1160	1250
1160	1313
1160	1322
1160	375
1160	349
1160	7
1160	372
1160	43
1160	322
1160	722
1160	450
1160	402
1160	14
1160	18
1160	1217
1160	1111
1160	1149
1160	350
1160	454
1160	132
1160	425
1160	227
1160	845
1160	1281
1160	1209
1160	123
1160	1408
1160	717
1160	840
1160	1471
1160	223
1160	72
1160	119
1160	1068
1160	466
1160	323
1160	42
1160	207
1160	77
1160	298
1160	231
1160	289
1160	863
1160	396
1160	854
1161	157
1161	569
1161	77
1161	238
1161	107
1161	980
1161	129
1161	151
1161	465
1161	323
1161	1507
1161	51
1161	7
1161	20
1161	927
1161	270
1161	290
1161	187
1161	23
1161	1393
1162	165
1163	34
1163	515
1163	1150
1163	636
1163	1190
1163	106
1163	537
1163	932
1164	1134
1164	296
1164	166
1165	944
1166	122
1166	272
1166	185
1167	494
1167	1074
1167	891
1167	663
1167	258
1167	604
1167	630
1167	77
1167	37
1167	110
1167	232
1167	703
1167	552
1167	898
1167	319
1167	57
1167	295
1167	917
1168	949
1169	296
1169	10
1169	674
1169	1074
1170	995
1171	353
1171	221
1171	1037
1171	771
1171	249
1171	116
1174	291
1174	114
1175	94
1175	681
1176	56
1176	519
1178	166
1179	320
1180	1078
1180	267
1181	41
1181	7
1181	67
1181	64
1181	494
1181	56
1181	377
1181	819
1181	572
1181	1304
1181	154
1181	299
1181	1312
1181	141
1181	150
1181	726
1181	76
1181	243
1181	728
1181	795
1181	304
1181	193
1181	826
1181	61
1181	781
1181	169
1181	360
1181	378
1181	229
1181	499
1181	220
1181	922
1181	16
1181	255
1181	156
1181	256
1181	401
1181	788
1181	9
1181	648
1181	77
1181	6
1181	637
1181	404
1181	803
1181	891
1181	82
1181	118
1181	259
1181	681
1181	227
1181	267
1181	429
1181	430
1181	32
1181	210
1181	69
1181	480
1181	305
1181	993
1181	342
1181	548
1181	1
1181	849
1181	744
1181	837
1181	508
1181	875
1181	767
1181	881
1181	592
1181	11
1181	322
1181	20
1181	846
1181	205
1181	319
1181	1196
1181	223
1181	1072
1181	862
1181	1037
1182	51
1182	57
1183	1120
1184	220
1185	246
1185	546
1186	264
1187	1414
1188	1176
1188	131
1188	468
1188	212
1188	121
1188	326
1188	122
1190	52
1190	1203
1190	63
1190	259
1190	227
1190	66
1190	102
1190	99
1190	443
1190	10
1190	122
1190	41
1190	163
1190	135
1190	425
1190	320
1190	64
1190	412
1190	1094
1190	413
1190	226
1190	1536
1190	787
1190	522
1190	53
1190	1107
1190	255
1190	56
1190	311
1190	61
1190	14
1190	199
1190	508
1190	1220
1190	165
1190	446
1190	360
1190	76
1190	671
1190	638
1190	1020
1190	267
1190	108
1190	130
1190	1383
1190	183
1190	368
1191	620
1191	541
1192	243
1193	451
1195	662
1196	52
1197	87
1197	248
1197	605
1197	726
1197	96
1197	213
1197	260
1197	722
1197	967
1197	261
1198	1000
1199	443
1199	9
1200	1541
1201	929
1203	273
1204	56
1205	46
1205	61
1205	189
1205	63
1205	356
1205	968
1205	166
1205	656
1205	248
1205	264
1207	966
1207	1066
1207	1062
1208	528
1209	505
1209	836
1209	131
1209	154
1210	166
1210	221
1211	956
1212	10
1212	64
1212	212
1212	41
1212	63
1212	67
1212	1542
1212	120
1212	320
1212	52
1212	161
1212	53
1212	130
1212	7
1212	402
1212	14
1212	1420
1212	1543
1212	152
1212	122
1213	1026
1213	7
1213	781
1213	46
1213	66
1213	5
1213	762
1213	767
1213	510
1213	1095
1213	885
1213	1536
1213	730
1213	962
1213	550
1213	656
1213	1386
1213	222
1213	744
1213	242
1213	448
1213	74
1213	890
1213	883
1213	1410
1213	562
1213	298
1213	731
1213	61
1213	53
1213	243
1213	63
1213	658
1213	895
1213	459
1213	236
1213	198
1213	403
1213	505
1213	291
1213	521
1213	278
1213	443
1213	1207
1213	193
1213	166
1213	865
1213	760
1213	509
1213	734
1213	73
1213	271
1213	797
1213	880
1213	685
1213	292
1213	180
1213	8
1213	62
1213	217
1213	574
1213	1023
1213	1060
1213	421
1213	59
1213	78
1213	79
1213	322
1213	108
1213	940
1213	1129
1213	936
1213	42
1213	16
1213	705
1213	255
1213	156
1213	256
1213	582
1213	32
1213	163
1213	575
1213	1254
1213	351
1213	874
1213	123
1213	226
1213	1113
1213	763
1215	689
1215	1000
1216	120
1216	56
1216	80
1216	23
1216	253
1216	313
1216	505
1216	177
1216	107
1216	70
1216	984
1216	133
1217	950
1217	502
1217	1544
1217	238
1217	1545
1217	1082
1217	332
1217	1130
1217	870
1217	57
1217	969
1217	203
1217	930
1217	242
1217	87
1217	375
1218	136
1219	48
1219	448
1219	443
1219	39
1219	1312
1219	349
1219	264
1219	1072
1220	493
1221	103
1221	170
1221	56
1222	96
1222	1485
1222	989
1223	461
1224	657
1224	458
1224	1409
1224	366
1225	657
1226	187
1226	883
1226	110
1226	10
1226	189
1226	346
1226	52
1226	41
1226	61
1226	42
1226	204
1226	705
1226	327
1226	185
1226	67
1226	966
1227	1546
1228	1417
1229	1024
1230	306
1230	165
1231	656
1231	471
1231	703
1231	212
1231	153
1231	114
1232	115
1233	67
1233	267
1234	696
1235	56
1235	166
1235	1471
1235	686
1235	326
1235	79
1235	319
1235	451
1235	1094
1235	132
1236	1212
1237	1114
1237	803
1238	377
1239	1037
1240	166
1241	28
1242	313
1242	377
1242	14
1242	199
1242	204
1242	236
1242	639
1242	533
1243	63
1243	122
1243	542
1243	546
1243	1419
1243	874
1243	38
1243	10
1243	871
1244	311
1245	470
1246	1460
1248	63
1248	56
1249	226
1249	16
1250	1480
1250	1513
1251	1134
1251	1193
1252	528
1253	310
1253	190
1254	193
1255	37
1255	39
1257	348
1257	500
1257	5
1257	109
1257	1403
1257	573
1258	722
1258	115
1259	519
1260	1037
1260	220
1260	46
1260	14
1260	922
1260	421
1260	67
1260	360
1260	392
1260	401
1260	113
1260	10
1260	267
1260	552
1261	1071
1262	265
1263	656
1263	789
1263	948
1263	874
1263	241
1263	67
1263	74
1263	23
1263	443
1263	1012
1263	603
1263	7
1263	513
1263	243
1263	41
1263	1003
1263	73
1263	216
1263	330
1263	373
1263	822
1263	56
1263	1150
1263	734
1263	731
1263	322
1263	57
1263	51
1263	72
1263	811
1263	304
1263	149
1263	444
1263	348
1263	950
1263	40
1263	450
1263	39
1263	157
1263	1391
1263	331
1263	1410
1263	360
1263	901
1263	80
1263	884
1263	15
1263	110
1263	199
1263	1137
1263	1196
1263	404
1263	1090
1263	881
1263	368
1263	606
1263	259
1263	1335
1263	696
1263	123
1263	129
1263	293
1263	270
1263	905
1264	338
1264	377
1264	1415
1265	41
1265	20
1265	1233
1265	735
1266	603
1266	6
1266	1487
1266	41
1266	64
1266	56
1266	966
1266	10
1266	32
1266	1252
1266	114
1266	342
1266	7
1266	193
1266	294
1266	722
1266	791
1266	548
1267	1092
1267	1497
1268	163
1268	130
1268	966
1268	299
1268	360
1268	957
1268	1215
1268	215
1268	509
1268	148
1268	165
1268	345
1268	425
1268	1096
1268	153
1268	322
1268	2
1270	920
1271	203
1271	110
1272	499
1273	435
1273	40
1273	1547
1273	1321
1273	525
1273	56
1273	319
1273	154
1273	1512
1273	1435
1273	365
1273	119
1273	244
1273	166
1273	12
1273	53
1273	1207
1273	509
1273	41
1273	1220
1273	305
1273	670
1273	984
1273	5
1273	232
1273	465
1273	341
1273	157
1273	115
1273	193
1273	1471
1273	231
1273	562
1274	404
1274	837
1275	119
1275	1464
1275	273
1277	394
1278	167
1279	50
1279	1548
1279	41
1279	153
1279	834
1279	962
1279	150
1279	10
1279	1172
1279	55
1279	255
1279	320
1279	665
1279	690
1279	1182
1279	212
1279	976
1279	429
1279	53
1279	742
1279	562
1279	296
1279	106
1279	756
1279	683
1279	508
1279	1101
1279	1518
1279	14
1279	660
1279	519
1279	7
1279	895
1279	123
1279	63
1279	64
1279	762
1279	510
1279	129
1279	889
1279	736
1279	114
1280	56
1280	41
1280	109
1281	67
1281	122
1281	81
1281	129
1281	246
1281	230
1282	74
1283	471
1283	131
1284	74
1285	1078
1285	829
1286	395
1287	267
1288	110
1289	306
1289	921
1289	656
1289	564
1289	1549
1290	5
1291	228
1291	293
1292	569
1292	119
1292	583
1292	298
1292	231
1292	289
1292	433
1293	656
1294	87
1295	443
1295	896
1295	57
1295	1310
1295	123
1295	63
1295	412
1295	787
1295	166
1295	296
1295	880
1295	575
1295	198
1295	865
1295	578
1295	579
1295	236
1295	1550
1295	110
1295	131
1295	990
1295	745
1295	707
1295	199
1295	240
1295	1286
1295	172
1295	760
1295	232
1295	1243
1295	267
1295	662
1295	1148
1295	347
1295	319
1295	510
1295	767
1295	1055
1295	425
1295	564
1295	1026
1295	1474
1295	816
1295	1089
1296	453
1296	216
1296	561
1296	715
1296	816
1296	56
1296	382
1297	381
1297	373
1297	1191
1297	326
1297	382
1297	1204
1297	523
1297	807
1298	1235
1298	129
1298	183
1298	236
1298	14
1298	204
1298	259
1298	850
1299	267
1300	1000
1300	121
1302	461
1303	764
1304	754
1305	403
1306	528
1307	236
1307	288
1307	360
1307	81
1308	45
1308	628
1308	639
1308	246
1308	631
1308	605
1308	71
1308	637
1308	44
1308	1081
1308	713
1308	98
1308	607
1308	43
1308	955
1308	288
1308	274
1308	600
1308	960
1308	961
1308	587
1308	533
1308	272
1308	642
1308	627
1308	96
1308	634
1308	334
1308	921
1308	80
1308	717
1309	1092
1310	1026
1310	1251
1310	1551
1310	1552
1310	518
1310	396
1310	165
1310	1052
1310	651
1310	1553
1310	1554
1310	872
1310	1267
1310	566
1310	1225
1310	1555
1310	382
1310	328
1310	422
1310	779
1310	217
1310	310
1310	897
1310	1531
1310	6
1310	117
1310	296
1310	129
1310	29
1310	5
1310	222
1310	823
1310	10
1310	1339
1310	973
1310	1404
1310	778
1310	244
1310	368
1310	46
1311	443
1313	995
1314	743
1315	122
1315	199
1317	279
1318	204
1319	313
1319	379
1320	205
1321	212
1322	230
1323	12
1324	377
1325	226
1325	41
1325	221
1325	80
1325	365
1325	910
1326	40
1326	239
1326	232
1326	966
1326	63
1326	56
1326	511
1326	278
1326	1189
1326	185
1326	322
1326	61
1326	267
1326	76
1326	77
1326	78
1326	594
1326	156
1327	7
1328	347
1328	56
1328	294
1328	233
1328	40
1328	1279
1328	106
1328	178
1328	990
1328	66
1328	99
1328	882
1328	1028
1328	101
1328	459
1328	1101
1328	737
1328	176
1328	443
1328	140
1328	658
1328	342
1328	153
1328	791
1328	279
1328	1094
1328	429
1328	516
1328	226
1328	522
1328	1253
1328	696
1328	15
1328	863
1328	360
1328	298
1328	14
1328	665
1328	867
1328	53
1328	674
1328	976
1328	240
1328	74
1328	144
1328	880
1328	575
1328	747
1328	1518
1328	37
1328	91
1328	160
1328	957
1328	565
1328	193
1328	798
1328	877
1328	512
1328	245
1328	762
1328	996
1328	446
1328	236
1328	1401
1328	319
1328	326
1328	1235
1328	748
1328	412
1328	1172
1328	1147
1328	977
1328	802
1328	291
1328	134
1328	1346
1328	1126
1328	994
1328	299
1328	1338
1328	76
1328	77
1328	1111
1328	663
1328	79
1328	363
1328	24
1328	643
1328	701
1328	232
1328	257
1328	234
1328	130
1328	396
1328	190
1328	562
1328	312
1328	107
1328	305
1328	993
1328	1434
1328	909
1328	1258
1328	289
1328	572
1328	1074
1328	526
1328	109
1328	244
1328	230
1328	578
1328	463
1328	325
1328	1255
1328	531
1328	1471
1328	199
1328	46
1328	435
1328	758
1328	479
1328	116
1328	231
1328	847
1328	505
1328	180
1328	1486
1328	849
1328	157
1328	1381
1328	296
1328	425
1328	1143
1328	763
1328	449
1328	694
1328	322
1328	480
1328	344
1328	410
1328	622
1328	807
1328	465
1328	129
1328	380
1328	721
1328	517
1328	521
1328	865
1328	741
1328	1118
1328	806
1328	179
1328	131
1328	132
1328	136
1328	594
1328	218
1328	90
1328	1108
1328	743
1328	1310
1328	767
1328	351
1328	290
1328	861
1328	509
1328	154
1328	1169
1328	16
1328	1234
1328	641
1328	571
1329	1556
1330	781
1330	360
1330	230
1330	749
1330	123
1330	311
1330	460
1330	310
1330	314
1330	42
1330	7
1330	660
1330	1026
1330	1386
1330	997
1330	1379
1330	130
1330	1
1330	919
1330	1096
1330	991
1331	1557
1331	263
1331	340
1331	1558
1332	161
1333	662
1333	57
1333	195
1334	722
1335	110
1337	1521
1337	781
1337	56
1337	407
1338	56
1338	57
1338	221
1338	907
1338	50
1338	199
1338	233
1338	194
1338	740
1338	443
1338	129
1338	305
1338	177
1338	291
1338	66
1338	37
1338	222
1338	929
1338	578
1338	579
1338	1036
1338	699
1338	333
1338	752
1338	693
1338	107
1338	767
1338	230
1338	326
1338	1178
1338	749
1338	1191
1338	1188
1338	271
1338	429
1338	581
1338	479
1338	311
1338	1471
1338	116
1338	1248
1338	748
1338	813
1338	130
1338	136
1338	1419
1339	423
1339	268
1339	267
1340	10
1341	643
1341	264
1341	515
1341	580
1342	390
1342	232
1343	294
1343	7
1343	377
1343	221
1343	924
1343	380
1343	163
1343	108
1343	145
1343	72
1343	1312
1343	885
1343	319
1343	404
1344	323
1344	294
1344	97
1345	759
1345	46
1345	699
1345	565
1345	1147
1345	396
1345	65
1346	252
1347	815
1348	680
1350	294
1350	1260
1351	318
1355	1525
1356	216
1357	12
1357	227
1357	562
1358	61
1358	66
1358	67
1358	7
1358	689
1358	14
1358	46
1358	64
1358	360
1358	1017
1358	212
1358	183
1359	380
1359	114
1359	829
1360	12
1361	443
1361	56
1361	377
1361	1165
1361	276
1362	213
1363	473
1364	553
1365	242
1365	28
1365	368
1365	163
1365	62
1365	144
1365	1312
1365	493
1365	145
1365	1286
1365	78
1365	656
1365	57
1365	801
1366	1265
1366	1401
1366	268
1367	12
1368	160
1370	1512
1370	1006
1371	925
1371	435
1373	42
1373	7
1374	1525
1375	999
1376	129
1376	81
1376	194
1376	248
1376	284
1376	781
1376	80
1376	182
1376	407
1377	214
1378	631
1379	466
1380	23
1380	37
1381	443
1381	9
1381	1273
1381	328
1381	664
1381	973
1381	255
1381	122
1381	157
1381	505
1381	785
1381	1085
1381	1240
1381	475
1381	838
1381	232
1381	516
1381	124
1381	883
1381	313
1381	415
1381	699
1381	201
1381	226
1381	410
1381	317
1381	296
1381	121
1381	1553
1381	1113
1381	261
1381	1147
1381	10
1381	543
1381	75
1381	778
1381	950
1381	63
1381	216
1381	156
1381	1278
1381	1386
1381	1100
1381	874
1381	217
1381	425
1381	832
1381	130
1381	978
1381	979
1381	353
1381	869
1382	634
1383	12
1384	577
1384	67
1385	157
1386	991
1387	883
1387	153
1387	255
1387	113
1387	110
1387	371
1387	511
1388	44
1389	38
1389	98
1389	607
1389	1393
1389	264
1390	575
1391	77
1392	1222
1392	1474
1392	364
1392	1096
1392	66
1392	303
1392	122
1392	110
1392	573
1392	412
1392	360
1392	763
1392	581
1393	247
1393	52
1393	379
1393	809
1395	379
1396	74
1397	1074
1397	110
1398	1531
1399	368
1400	291
1400	322
1400	103
1400	875
1400	701
1400	61
1400	870
1400	1136
1400	1090
1400	37
1400	46
1400	292
1400	305
1400	89
1400	450
1400	386
1400	56
1400	256
1400	722
1400	221
1400	896
1400	1300
1400	271
1400	994
1400	868
1400	226
1400	57
1400	375
1400	562
1400	298
1400	1172
1400	63
1400	170
1400	104
1400	304
1400	110
1400	523
1400	444
1400	836
1400	973
1400	1144
1400	166
1400	232
1400	415
1400	699
1400	443
1400	683
1400	834
1400	782
1400	101
1400	1335
1400	1037
1400	558
1400	580
1400	66
1400	183
1400	776
1400	787
1400	9
1400	1234
1400	866
1400	865
1400	780
1400	665
1400	225
1400	739
1400	53
1400	509
1400	830
1400	245
1400	687
1400	648
1400	446
1400	843
1400	575
1400	217
1400	1027
1400	130
1400	117
1400	107
1400	435
1400	1147
1400	802
1400	1074
1400	811
1400	998
1400	156
1400	134
1400	244
1400	798
1400	79
1400	1252
1400	351
1400	319
1400	251
1400	363
1400	448
1400	508
1400	1109
1400	1420
1400	693
1400	564
1400	367
1400	159
1400	878
1400	240
1400	382
1400	990
1400	745
1400	65
1400	50
1400	294
1400	844
1400	833
1400	691
1400	135
1400	460
1400	1
1400	384
1400	1543
1400	510
1400	874
1400	1023
1400	1020
1400	344
1400	267
1400	1486
1400	968
1400	638
1400	365
1400	326
1400	1379
1400	432
1400	259
1400	761
1400	566
1400	778
1400	557
1400	381
1400	14
1400	1284
1400	162
1400	429
1400	996
1400	1521
1400	1171
1400	425
1400	131
1400	123
1400	91
1400	1111
1400	855
1400	884
1400	783
1400	1297
1400	282
1400	299
1400	576
1400	706
1400	522
1400	231
1400	589
1400	1089
1400	917
1400	743
1400	873
1400	876
1400	806
1400	307
1400	1026
1400	1408
1400	360
1400	848
1400	689
1400	119
1401	301
1402	67
1403	78
1403	322
1404	910
1405	113
1405	69
1406	37
1407	153
1407	1559
1407	129
1407	907
1407	291
1407	66
1407	1021
1407	185
1407	199
1407	544
1407	459
1407	26
1407	37
1407	784
1407	101
1407	140
1407	190
1407	204
1407	448
1407	56
1407	16
1407	425
1407	707
1407	429
1407	767
1408	346
1408	110
1408	1241
1409	537
1410	346
1410	90
1410	153
1410	429
1410	56
1410	74
1410	924
1410	793
1410	1103
1410	723
1410	1189
1410	1126
1410	361
1410	730
1410	377
1412	377
1413	270
1414	1079
1415	1560
1416	269
1418	455
1419	143
1421	550
1421	512
1421	326
1422	56
1422	67
1422	256
1423	1000
1424	259
1425	185
1426	110
1426	360
1427	74
1428	1145
1428	41
1429	120
1429	37
1429	344
1429	347
1429	212
1430	603
1430	361
1430	416
1430	56
1430	259
1430	1274
1430	579
1430	102
1430	1081
1430	69
1430	346
1430	81
1430	916
1431	77
1431	387
1431	443
1431	56
1431	198
1431	243
1431	222
1431	86
1432	135
1432	1380
1432	1037
1432	122
1432	130
1432	466
1433	1235
1433	42
1434	121
1435	12
1436	1416
1437	346
1437	293
1437	51
1437	811
1437	200
1437	543
1437	262
1437	270
1437	313
1437	219
1438	1171
1438	694
1438	307
1438	521
1438	928
1439	1409
1439	1561
1439	774
1439	366
1439	902
1439	520
1440	161
1441	1239
1442	388
1442	10
1442	725
1442	6
1442	531
1442	814
1442	183
1442	135
1442	212
1442	143
1443	1456
1444	221
1444	243
1444	56
1444	194
1444	543
1444	18
1444	207
1444	256
1444	25
1445	1496
1446	551
1447	1018
1448	1516
1448	667
1448	966
1448	5
1448	1562
1449	403
1450	572
1450	935
1450	243
1450	56
1450	1500
1450	166
1450	499
1450	1048
1450	10
1450	1044
1450	275
1450	165
1450	362
1450	661
1450	496
1450	202
1450	221
1450	682
1450	396
1450	468
1450	326
1450	305
1450	859
1451	242
1452	1024
1453	670
1454	43
1454	1094
1454	399
1455	830
1456	443
1456	40
1457	272
1458	65
1458	466
1458	347
1458	212
1459	51
1459	930
1459	172
1459	514
1459	435
1460	103
1460	393
1460	16
1460	299
1460	336
1460	443
1460	1229
1460	123
1460	1412
1460	1563
1460	190
1460	957
1460	193
1460	461
1460	5
1460	360
1460	105
1460	163
1460	1252
1460	579
1460	1564
1460	77
1460	157
1460	294
1460	413
1460	129
1460	425
1460	65
1460	12
1460	7
1460	57
1460	880
1462	14
1463	505
1464	1487
1466	347
1466	7
1466	67
1466	56
1466	1562
1466	306
1466	130
1466	52
1466	122
1467	67
1468	95
1468	1565
1468	177
1468	63
1468	42
1468	56
1468	213
1468	7
1468	103
1468	54
1468	149
1468	703
1468	272
1468	41
1468	346
1468	194
1468	204
1468	135
1468	174
1468	582
1469	722
1471	53
1472	704
1473	32
1473	148
1474	157
1475	46
1475	689
1475	37
1475	53
1475	55
1475	1566
1475	603
1475	948
1475	1473
1475	414
1475	61
1475	1532
1475	113
1475	438
1475	508
1475	496
1475	102
1475	1418
1475	782
1475	1101
1475	1151
1475	201
1475	189
1475	1165
1475	815
1475	221
1475	68
1475	564
1475	439
1475	56
1475	917
1475	974
1475	1567
1475	615
1475	1488
1475	161
1475	332
1475	781
1475	421
1475	873
1475	407
1475	962
1475	534
1475	77
1475	264
1475	1098
1475	262
1475	699
1475	7
1475	807
1475	830
1475	345
1475	101
1475	267
1475	1074
1475	258
1475	1131
1475	834
1475	994
1475	110
1475	435
1475	499
1475	756
1475	31
1475	213
1475	577
1475	350
1475	957
1475	114
1475	16
1476	91
1476	232
1476	855
1477	464
1478	23
1479	93
1479	837
1480	180
1481	987
1482	382
1483	340
1484	1319
1486	291
1486	130
1486	342
1486	106
1486	177
1486	190
1486	599
1486	1533
1486	193
1486	732
1486	568
1486	1287
1486	182
1486	682
1486	187
1486	83
1486	1534
1486	1235
1486	1279
1486	878
1486	881
1486	129
1486	1223
1486	325
1486	25
1486	121
1486	127
1486	883
1486	236
1486	221
1486	153
1486	999
1486	217
1486	793
1486	56
1486	752
1486	194
1486	361
1486	233
1486	740
1486	306
1486	544
1486	722
1486	1192
1486	882
1486	907
1486	1188
1486	840
1486	756
1486	693
1486	582
1486	505
1486	1144
1486	741
1486	736
1486	235
1486	271
1486	7
1486	123
1486	576
1486	20
1486	116
1486	107
1486	1218
1486	57
1486	744
1486	1423
1486	2
1486	218
1486	448
1486	305
1486	425
1486	1289
1486	479
1486	755
1487	1395
1488	63
1489	38
1489	37
1490	110
1490	56
1490	816
1490	291
1490	163
1490	44
1491	1382
1491	400
1491	121
1492	165
1492	63
1493	878
1494	20
1495	443
1495	56
1495	267
1495	236
1495	834
1495	874
1495	76
1495	279
1495	77
1495	110
1495	187
1495	656
1495	57
1495	296
1495	671
1495	703
1495	305
1495	167
1495	290
1496	121
1498	165
1498	320
1498	52
1498	200
1498	797
1498	67
1498	26
1498	953
1498	1333
1498	7
1498	45
1498	259
1498	41
1499	1487
1500	180
1502	1067
1502	1258
1502	749
1502	985
1502	596
1502	703
1502	674
1502	19
1503	552
1503	792
1503	61
1503	221
1503	230
1503	159
1503	116
1503	67
1503	267
1503	896
1503	319
1503	156
1503	405
1503	296
1503	7
1503	1297
1503	429
1504	498
1505	114
1506	1499
1506	219
1506	363
1506	274
1506	1016
1507	298
1507	50
1507	200
1507	41
1507	16
1508	1412
1509	1346
1509	157
1509	184
1509	1271
1510	66
1510	67
1512	1033
1512	736
1512	725
1512	6
1512	461
1512	220
1513	325
1513	215
1513	564
1514	1090
1515	1137
1515	952
1515	1493
1515	1424
1515	153
1515	401
1515	158
1515	14
1515	199
1515	344
1515	108
1516	262
1516	1016
1517	1570
1517	1569
1517	1572
1517	1571
1517	1573
1517	1568
1517	1574
1517	1575
1518	77
1519	37
1520	505
1520	641
1521	221
1521	1231
1521	10
1521	56
1521	1189
1521	52
1521	686
1521	1240
1522	1057
1522	402
1522	344
1522	204
1524	418
1524	1171
1524	406
1525	639
1525	281
1526	322
1526	722
1526	1405
1526	65
1526	1114
1526	56
1526	6
1526	474
1526	1067
1526	42
1526	1576
1526	1503
1526	1556
1526	1496
1526	706
1526	1495
1526	475
1527	212
1527	153
1528	587
1528	236
1529	1502
1531	249
1532	177
1533	394
1533	436
1533	221
1533	1115
1534	1380
1535	221
1535	110
1535	172
1535	10
1535	43
1536	67
1536	40
1536	408
1536	101
1536	37
1536	64
1536	16
1536	880
1536	56
1536	69
1536	1129
1536	360
1536	798
1536	14
1536	280
1537	1070
1537	77
1538	681
1539	221
1540	1382
1540	924
1540	365
1540	1489
1540	211
1542	174
1542	377
1542	56
1542	67
1542	220
1542	1103
1542	401
1543	226
1546	209
1546	983
1546	467
1546	208
1546	416
1547	905
1547	323
1548	626
1549	896
1550	61
1550	78
1551	40
1552	180
1552	656
1552	97
1552	47
1552	240
1552	159
1552	787
1552	58
1552	1071
1552	165
1552	737
1552	147
1552	35
1552	301
1552	51
1552	72
1552	811
1552	57
1552	232
1552	65
1552	157
1552	26
1552	367
1552	113
1552	110
1552	577
1552	248
1552	155
1552	954
1552	1014
1552	199
1552	71
1552	67
1552	129
1552	757
1552	44
1552	305
1552	304
1552	1549
1552	34
1553	209
1553	1408
1553	1290
1553	1537
1553	983
1553	1495
1553	1067
1553	7
1553	464
1553	46
1553	270
1553	337
1553	67
1554	1576
1555	910
1556	421
1556	67
1556	183
1556	220
1556	122
1556	494
1556	1379
1556	663
1556	444
1556	385
1556	60
1556	42
1556	322
1557	10
1558	685
1558	213
1558	963
1558	212
1558	639
1558	326
1559	681
1559	923
1560	290
1560	958
1561	906
1562	370
1563	10
1563	316
1563	530
1563	261
1564	77
1564	722
1564	1512
1564	889
1564	193
1564	110
1564	1518
1564	808
1564	154
1564	1065
1564	61
1564	107
1564	384
1565	199
1565	446
1565	227
1566	41
1566	402
1566	296
1566	14
1566	204
1566	344
1567	1132
1568	985
1568	64
1569	319
1570	129
1571	37
1571	689
1571	279
1571	40
1571	781
1571	737
1571	66
1571	443
1571	56
1571	558
1571	1098
1571	1165
1571	177
1571	1037
1571	67
1571	267
1571	414
1571	53
1571	55
1571	733
1571	791
1571	240
1571	10
1571	617
1571	435
1571	372
1571	14
1571	565
1571	508
1571	698
1571	703
1571	1189
1571	972
1571	217
1571	358
1571	185
1571	78
1571	79
1571	977
1571	815
1571	625
1571	148
1571	957
1571	110
1571	360
1571	156
1571	256
1571	365
1571	181
1571	63
1571	180
1571	305
1571	259
1571	214
1571	1095
1571	4
1571	564
1571	498
1571	705
1571	123
1571	459
1571	1489
1571	680
1571	548
1571	175
1572	267
1572	53
1572	76
1572	508
1572	17
1572	110
1572	739
1572	379
1572	559
1572	40
1572	450
1572	553
1572	699
1572	1162
1573	56
1573	1424
1573	177
1573	1386
1573	116
1573	10
1573	1120
1573	916
1574	41
1574	63
1574	64
1574	52
1574	10
1574	122
1574	67
1574	320
1575	10
1575	41
1575	64
1577	736
1578	1495
1578	44
1579	453
1580	38
1580	39
1580	187
1580	346
1580	16
1580	41
1580	67
1580	43
1580	658
1580	80
1580	212
1580	153
1580	5
1580	412
1580	248
1580	213
1580	994
1580	68
1580	243
1580	66
1580	53
1580	7
1580	652
1580	37
1580	313
1580	702
1580	377
1580	945
1580	87
1580	101
1580	74
1580	122
1580	52
1580	56
1580	244
1580	698
1580	421
1580	42
1580	222
1580	190
1580	1098
1580	14
1580	296
1580	293
1580	130
1580	185
1580	236
1580	210
1580	669
1580	261
1580	415
1580	46
1580	120
1580	425
1580	787
1580	72
1580	113
1580	97
1580	246
1580	227
1580	759
1580	211
1581	390
1581	113
1581	69
1581	675
1581	51
1581	344
1582	1577
1584	110
1584	42
1584	443
1584	9
1585	213
1585	642
1585	502
1585	25
1585	110
1585	878
1585	956
1585	23
1585	51
1585	243
1585	56
1585	58
1585	241
1585	221
1585	201
1585	350
1585	265
1585	1012
1585	113
1585	346
1585	603
1585	946
1585	293
1585	274
1585	1015
1585	75
1585	78
1585	79
1585	652
1585	253
1585	68
1585	313
1585	626
1585	200
1585	948
1585	539
1585	249
1585	756
1585	496
1585	1017
1585	640
1585	635
1585	80
1585	81
1586	109
1586	212
1586	792
1586	10
1586	760
1586	232
1587	135
1587	828
1587	63
1587	1319
1588	126
1590	37
1591	641
1591	652
1591	305
1591	760
1593	781
1593	756
1594	57
1595	387
1595	346
1595	187
1595	56
1595	153
1595	41
1595	792
1595	236
1595	67
1595	313
1595	306
1595	253
1595	200
1595	110
1595	577
1595	7
1595	787
1595	183
1597	142
1598	56
1598	1090
1598	299
1598	174
1598	180
1598	1424
1598	396
1598	940
1598	1507
1598	889
1599	52
1599	23
1599	10
1599	41
1599	64
1599	792
1599	736
1599	116
1599	159
1599	129
1599	20
1600	1075
1601	13
1602	94
1603	67
1603	212
1603	153
1603	57
1604	165
1604	519
1605	66
1606	1070
1606	1578
1607	111
1607	41
1608	365
1608	564
1608	299
1608	130
1608	752
1608	267
1608	1096
1608	404
1608	966
1608	279
1608	280
1608	599
1609	1579
1609	340
1610	36
1610	1024
1610	342
1611	364
1611	674
1611	1274
1611	874
1611	182
1611	67
1612	121
1613	292
1613	1038
1613	689
1614	1578
1615	56
1615	64
1615	467
1615	472
1615	894
1616	1286
1616	178
1616	53
1616	957
1616	180
1616	745
1616	114
1617	296
1618	12
1619	683
1619	790
1619	158
1620	305
1621	494
1621	56
1622	21
1622	189
1622	1018
1622	366
1622	1561
1622	916
1622	143
1622	129
1622	978
1622	425
1622	979
1623	226
1623	444
1623	111
1623	312
1623	1014
1623	667
1623	781
1623	1023
1623	1290
1623	836
1623	170
1623	319
1623	235
1623	1234
1623	117
1623	1383
1623	119
1623	1297
1623	846
1623	286
1623	863
1624	66
1624	53
1624	1206
1624	255
1624	267
1625	212
1625	56
1625	280
1625	210
1625	153
1625	889
1625	463
1625	217
1625	564
1625	116
1625	834
1625	5
1625	760
1625	43
1625	1536
1625	957
1625	353
1625	223
1626	52
1626	7
1626	212
1626	320
1626	41
1626	510
1626	296
1626	792
1626	110
1626	10
1626	64
1626	511
1627	787
1627	677
1627	1260
1627	5
1627	531
1627	1313
1627	41
1627	296
1627	444
1627	377
1627	337
1627	404
1627	65
1627	235
1627	1020
1627	871
1628	591
1629	1245
1629	330
1629	734
1629	74
1629	373
1629	346
1629	1580
1629	1167
1629	1179
1629	66
1629	933
1629	1189
1629	603
1629	572
1629	1581
1629	1202
1629	1582
1629	120
1629	36
1629	503
1629	73
1629	658
1629	80
1629	1304
1629	248
1629	1208
1629	213
1629	1231
1629	883
1629	834
1629	962
1629	67
1629	1353
1629	226
1629	68
1629	1301
1629	63
1629	1534
1629	40
1629	730
1629	560
1629	153
1629	243
1629	56
1629	414
1629	444
1629	128
1629	629
1629	502
1629	1071
1629	731
1629	233
1629	891
1629	1181
1629	1157
1629	296
1629	611
1629	612
1629	39
1629	448
1629	53
1629	926
1629	903
1629	70
1629	110
1629	880
1629	217
1629	216
1629	356
1629	241
1629	654
1629	446
1629	950
1629	723
1629	753
1629	107
1629	882
1629	101
1629	37
1629	304
1629	236
1629	313
1629	874
1629	683
1629	14
1629	575
1629	724
1629	193
1629	83
1629	565
1629	23
1629	145
1629	1502
1629	81
1629	397
1629	1003
1629	741
1629	7
1629	294
1629	76
1629	350
1629	1159
1629	1158
1629	577
1629	264
1629	1219
1629	1174
1629	578
1629	1
1629	553
1629	98
1629	166
1630	14
1631	933
1631	613
1631	1071
1631	255
1631	318
1631	56
1631	161
1631	1462
1631	614
1633	389
1634	28
1634	1067
1634	480
1634	1274
1635	45
1635	236
1636	471
1636	302
1636	42
1636	995
1636	443
1636	52
1636	557
1636	299
1636	1274
1636	786
1636	183
1636	1535
1636	6
1636	725
1636	220
1636	614
1636	83
1636	722
1636	396
1636	5
1636	56
1636	124
1636	1086
1636	169
1636	350
1636	170
1636	41
1636	146
1636	13
1636	158
1636	388
1636	377
1636	255
1636	67
1636	246
1636	10
1636	798
1636	382
1636	460
1636	321
1636	46
1636	296
1636	97
1636	72
1636	955
1637	198
1637	1171
1638	7
1638	320
1638	67
1639	443
1639	854
1639	230
1639	162
1639	505
1639	346
1639	75
1639	444
1639	1290
1639	200
1639	113
1639	154
1639	177
1640	604
1641	23
1642	471
1642	1560
1642	407
1642	234
1642	1547
1642	1583
1642	110
1642	739
1642	1233
1642	1500
1642	415
1642	37
1642	221
1642	180
1642	183
1642	359
1642	154
1642	40
1642	148
1642	1489
1642	14
1642	1386
1642	56
1643	430
1643	552
1643	66
1643	67
1643	781
1643	787
1643	1098
1643	130
1643	513
1643	992
1643	119
1643	175
1643	425
1643	104
1643	109
1643	1295
1643	468
1643	1166
1643	1111
1645	241
1646	10
1646	210
1646	734
1646	56
1646	379
1646	320
1646	296
1646	1562
1646	122
1646	429
1646	101
1646	1356
1646	788
1646	592
1646	444
1646	5
1646	1497
1646	113
1646	717
1646	776
1647	1584
1647	607
1647	1585
1648	211
1649	212
1650	1426
1650	70
1650	606
1650	950
1650	128
1650	629
1650	614
1650	926
1650	620
1650	22
1650	969
1650	448
1650	361
1650	25
1650	242
