org_id	remap_id
1	0
6	1
7	2
8	3
9	4
10	5
11	6
12	7
13	8
16	9
18	10
19	11
5	12
20	13
21	14
22	15
23	16
25	17
27	18
28	19
29	20
30	21
36	22
40	23
41	24
43	25
44	26
45	27
47	28
51	29
52	30
59	31
60	32
61	33
2	34
66	35
56	36
68	37
69	38
71	39
76	40
80	41
81	42
82	43
83	44
84	45
86	46
87	47
88	48
89	49
90	50
91	51
93	52
94	53
95	54
96	55
97	56
98	57
99	58
100	59
101	60
102	61
103	62
105	63
108	64
106	65
109	66
111	67
112	68
119	69
120	70
121	71
122	72
123	73
124	74
127	75
130	76
131	77
115	78
117	79
135	80
136	81
132	82
139	83
145	84
146	85
147	86
149	87
150	88
151	89
140	90
142	91
155	92
156	93
143	94
157	95
158	96
159	97
161	98
153	99
164	100
166	101
168	102
169	103
170	104
171	105
144	106
78	107
173	108
174	109
176	110
177	111
178	112
179	113
180	114
183	115
184	116
185	117
186	118
187	119
191	120
192	121
193	122
195	123
196	124
197	125
198	126
199	127
200	128
203	129
204	130
205	131
206	132
207	133
208	134
209	135
210	136
211	137
212	138
214	139
215	140
216	141
217	142
220	143
221	144
222	145
223	146
4	147
225	148
226	149
227	150
228	151
229	152
233	153
234	154
235	155
237	156
239	157
240	158
241	159
242	160
243	161
244	162
245	163
246	164
255	165
257	166
258	167
259	168
260	169
261	170
262	171
263	172
264	173
265	174
266	175
267	176
268	177
270	178
271	179
272	180
273	181
274	182
275	183
276	184
277	185
278	186
279	187
280	188
281	189
282	190
283	191
284	192
288	193
289	194
290	195
291	196
292	197
294	198
295	199
296	200
299	201
300	202
301	203
302	204
303	205
305	206
306	207
307	208
308	209
309	210
310	211
312	212
314	213
315	214
316	215
320	216
321	217
322	218
327	219
328	220
329	221
202	222
331	223
333	224
334	225
335	226
336	227
338	228
339	229
340	230
343	231
344	232
248	233
345	234
346	235
347	236
348	237
349	238
350	239
352	240
353	241
354	242
355	243
357	244
359	245
360	246
361	247
363	248
364	249
365	250
367	251
368	252
371	253
372	254
373	255
374	256
375	257
379	258
381	259
382	260
383	261
385	262
386	263
388	264
390	265
391	266
393	267
394	268
395	269
396	270
400	271
401	272
402	273
406	274
407	275
408	276
414	277
419	278
426	279
427	280
428	281
429	282
430	283
431	284
432	285
434	286
435	287
436	288
437	289
438	290
439	291
440	292
441	293
442	294
443	295
298	296
444	297
445	298
446	299
447	300
448	301
449	302
450	303
451	304
453	305
454	306
455	307
456	308
457	309
461	310
462	311
465	312
466	313
467	314
468	315
469	316
470	317
471	318
472	319
474	320
475	321
476	322
477	323
483	324
484	325
485	326
486	327
487	328
488	329
490	330
492	331
493	332
459	333
494	334
495	335
497	336
498	337
499	338
501	339
502	340
508	341
509	342
510	343
513	344
514	345
507	346
515	347
517	348
518	349
519	350
520	351
521	352
522	353
523	354
524	355
525	356
526	357
527	358
504	359
529	360
531	361
533	362
534	363
535	364
324	365
366	366
536	367
537	368
538	369
539	370
542	371
543	372
544	373
549	374
551	375
552	376
553	377
116	378
556	379
557	380
558	381
559	382
560	383
561	384
562	385
563	386
564	387
565	388
568	389
569	390
573	391
458	392
574	393
575	394
576	395
577	396
585	397
586	398
587	399
588	400
592	401
593	402
595	403
505	404
596	405
597	406
598	407
599	408
600	409
605	410
607	411
608	412
609	413
611	414
612	415
614	416
615	417
618	418
620	419
622	420
623	421
624	422
625	423
628	424
631	425
632	426
633	427
634	428
645	429
647	430
648	431
652	432
653	433
654	434
655	435
659	436
661	437
664	438
182	439
602	440
665	441
666	442
668	443
669	444
670	445
672	446
673	447
681	448
682	449
683	450
684	451
685	452
686	453
687	454
688	455
689	456
417	457
691	458
692	459
641	460
694	461
695	462
696	463
697	464
699	465
700	466
701	467
702	468
704	469
705	470
707	471
709	472
710	473
712	474
713	475
714	476
717	477
718	478
719	479
720	480
727	481
731	482
732	483
650	484
734	485
735	486
736	487
737	488
546	489
740	490
741	491
742	492
637	493
726	494
640	495
749	496
750	497
752	498
753	499
754	500
755	501
756	502
758	503
759	504
762	505
763	506
767	507
769	508
770	509
772	510
773	511
3	512
775	513
778	514
781	515
783	516
784	517
787	518
789	519
792	520
793	521
797	522
798	523
799	524
800	525
801	526
802	527
809	528
810	529
811	530
819	531
821	532
822	533
747	534
825	535
826	536
827	537
829	538
190	539
839	540
840	541
841	542
847	543
848	544
854	545
855	546
856	547
857	548
858	549
859	550
860	551
861	552
863	553
864	554
865	555
866	556
868	557
172	558
869	559
872	560
873	561
876	562
878	563
879	564
880	565
881	566
882	567
883	568
885	569
886	570
888	571
889	572
890	573
894	574
895	575
902	576
905	577
906	578
910	579
911	580
912	581
913	582
914	583
915	584
916	585
917	586
918	587
460	588
919	589
921	590
923	591
924	592
925	593
838	594
745	595
927	596
928	597
929	598
930	599
932	600
934	601
935	602
936	603
937	604
938	605
939	606
940	607
423	608
942	609
944	610
945	611
946	612
947	613
956	614
957	615
958	616
959	617
961	618
962	619
963	620
966	621
968	622
411	623
970	624
971	625
972	626
973	627
974	628
954	629
976	630
977	631
978	632
980	633
981	634
983	635
950	636
985	637
986	638
987	639
988	640
989	641
990	642
991	643
993	644
994	645
995	646
997	647
999	648
1001	649
1002	650
1003	651
1004	652
1008	653
1009	654
1011	655
1013	656
1014	657
1015	658
1017	659
1018	660
897	661
1020	662
1021	663
1023	664
1024	665
1026	666
1027	667
964	668
1030	669
1031	670
1033	671
1040	672
1041	673
1042	674
1043	675
1046	676
1048	677
1049	678
1050	679
1052	680
1053	681
1054	682
1055	683
1056	684
1057	685
1058	686
1059	687
1060	688
1061	689
1062	690
1063	691
1064	692
1066	693
1069	694
1070	695
1071	696
1072	697
297	698
1073	699
1074	700
1075	701
1076	702
1077	703
1078	704
1079	705
1080	706
1081	707
1082	708
1085	709
1086	710
896	711
1087	712
1088	713
1089	714
1090	715
1091	716
1092	717
1093	718
1094	719
1095	720
1096	721
644	722
1098	723
1100	724
1101	725
1103	726
1104	727
1105	728
1106	729
1107	730
1109	731
1110	732
1111	733
1112	734
1113	735
1114	736
1115	737
1116	738
1117	739
1118	740
1119	741
1121	742
1122	743
1123	744
1125	745
1127	746
1128	747
1130	748
1131	749
1132	750
1133	751
1135	752
1136	753
1138	754
1140	755
1144	756
1145	757
1146	758
1148	759
1149	760
1151	761
1152	762
1159	763
1155	764
1162	765
1157	766
1166	767
1168	768
1173	769
1174	770
1175	771
1176	772
1177	773
1178	774
1179	775
1180	776
1181	777
1182	778
1183	779
1186	780
1171	781
1187	782
674	783
1188	784
1190	785
1191	786
1192	787
1193	788
1194	789
1195	790
1196	791
1197	792
1200	793
1207	794
1208	795
1209	796
1210	797
1217	798
1084	799
1219	800
675	801
1222	802
1223	803
1225	804
1227	805
1242	806
1244	807
1245	808
1246	809
1247	810
1248	811
1251	812
1252	813
1254	814
1255	815
1256	816
1258	817
1259	818
1260	819
1263	820
1264	821
1266	822
325	823
1006	824
1273	825
1274	826
1278	827
1279	828
1280	829
1283	830
1284	831
1285	832
1286	833
1287	834
1290	835
1232	836
1292	837
1297	838
1299	839
1301	840
547	841
1302	842
503	843
1305	844
1312	845
1314	846
1315	847
738	848
1319	849
1321	850
1325	851
1331	852
1334	853
1335	854
837	855
1343	856
1350	857
1364	858
1371	859
1373	860
1374	861
1387	862
1393	863
1397	864
1398	865
1399	866
1415	867
1427	868
1430	869
1442	870
1448	871
1453	872
1455	873
1462	874
1474	875
1480	876
1481	877
1498	878
1499	879
1501	880
1502	881
1505	882
1507	883
1508	884
1509	885
1510	886
1511	887
1512	888
1516	889
1517	890
1518	891
1519	892
1520	893
1522	894
1523	895
1524	896
1525	897
1527	898
1528	899
1529	900
852	901
1530	902
1531	903
1532	904
1533	905
1534	906
1535	907
1536	908
1537	909
1538	910
1539	911
1540	912
1541	913
1542	914
1543	915
1544	916
1547	917
1548	918
1550	919
1551	920
1552	921
1553	922
1556	923
1329	924
1558	925
1559	926
1560	927
1561	928
1563	929
1216	930
1565	931
1566	932
1567	933
1568	934
1569	935
1572	936
1573	937
1574	938
1575	939
1577	940
1235	941
1582	942
1583	943
1584	944
1585	945
1587	946
1588	947
1589	948
1590	949
1593	950
1594	951
1595	952
893	953
1596	954
1597	955
1154	956
1598	957
1601	958
323	959
1603	960
1605	961
1606	962
1607	963
1610	964
1611	965
1612	966
1613	967
1614	968
1617	969
1619	970
1621	971
1622	972
1624	973
1626	974
1627	975
1629	976
1630	977
1631	978
1632	979
1633	980
1634	981
949	982
1636	983
1637	984
1638	985
898	986
1639	987
1640	988
1643	989
129	990
1647	991
1651	992
1652	993
1653	994
1657	995
1662	996
1669	997
1654	998
1661	999
1665	1000
1666	1001
1667	1002
1655	1003
1668	1004
1663	1005
1670	1006
1671	1007
1672	1008
1674	1009
1675	1010
1682	1011
1683	1012
1680	1013
1664	1014
1659	1015
1684	1016
1685	1017
1689	1018
1678	1019
1392	1020
1677	1021
1676	1022
1742	1023
1743	1024
1694	1025
1697	1026
1698	1027
1700	1028
1701	1029
1702	1030
1706	1031
1708	1032
1709	1033
1714	1034
1715	1035
415	1036
1717	1037
1718	1038
951	1039
1719	1040
1720	1041
1721	1042
1716	1043
464	1044
1724	1045
1725	1046
1727	1047
1728	1048
1729	1049
1730	1050
1732	1051
1733	1052
1734	1053
1740	1054
1741	1055
1744	1056
1747	1057
1748	1058
1750	1059
1752	1060
1755	1061
1757	1062
1758	1063
1759	1064
1761	1065
1762	1066
1766	1067
1771	1068
1775	1069
1774	1070
1778	1071
480	1072
642	1073
1788	1074
1792	1075
1793	1076
1794	1077
1796	1078
1806	1079
1812	1080
1822	1081
1827	1082
1828	1083
1829	1084
1831	1085
1844	1086
1847	1087
1849	1088
1850	1089
1851	1090
1856	1091
1858	1092
1867	1093
1791	1094
1800	1095
1885	1096
1887	1097
1888	1098
1889	1099
1890	1100
1891	1101
1892	1102
1899	1103
1900	1104
1903	1105
1910	1106
1917	1107
1919	1108
1842	1109
1927	1110
512	1111
1928	1112
1929	1113
1930	1114
1931	1115
603	1116
1932	1117
1818	1118
1933	1119
1836	1120
1934	1121
1941	1122
1945	1123
1948	1124
1952	1125
1964	1126
1965	1127
1970	1128
1976	1129
1978	1130
1980	1131
1981	1132
1986	1133
1991	1134
1997	1135
2000	1136
2008	1137
2009	1138
2011	1139
2015	1140
2016	1141
2017	1142
2020	1143
2021	1144
2022	1145
2024	1146
2025	1147
2029	1148
2036	1149
2041	1150
2047	1151
2051	1152
2052	1153
2053	1154
1804	1155
2055	1156
2059	1157
2068	1158
2071	1159
2063	1160
2078	1161
2081	1162
2083	1163
2084	1164
2085	1165
2088	1166
2089	1167
2091	1168
2092	1169
2093	1170
2095	1171
2096	1172
2098	1173
2087	1174
2099	1175
2100	1176
2103	1177
2104	1178
2105	1179
14	1180
2108	1181
2109	1182
1218	1183
2111	1184
2112	1185
2113	1186
1469	1187
2114	1188
2115	1189
2118	1190
2110	1191
1214	1192
2122	1193
2126	1194
2128	1195
2116	1196
2132	1197
583	1198
2134	1199
2135	1200
2136	1201
2151	1202
2157	1203
2138	1204
2139	1205
2140	1206
2144	1207
2146	1208
2147	1209
2149	1210
1037	1211
2150	1212
2156	1213
2158	1214
2163	1215
2169	1216
2170	1217
2171	1218
639	1219
2173	1220
2175	1221
1316	1222
2181	1223
2184	1224
2185	1225
2186	1226
2188	1227
2190	1228
2192	1229
2193	1230
904	1231
2197	1232
2205	1233
2206	1234
2207	1235
2208	1236
2209	1237
2212	1238
2213	1239
2214	1240
2216	1241
2217	1242
2219	1243
2222	1244
2223	1245
2226	1246
2232	1247
2234	1248
2236	1249
2237	1250
2238	1251
2244	1252
2245	1253
399	1254
2247	1255
2248	1256
2249	1257
2252	1258
2253	1259
2254	1260
2255	1261
2256	1262
2261	1263
2265	1264
2266	1265
2267	1266
2268	1267
1650	1268
2269	1269
2270	1270
2271	1271
2276	1272
2277	1273
2279	1274
2280	1275
2289	1276
2293	1277
2298	1278
2299	1279
2300	1280
2301	1281
2295	1282
2307	1283
2313	1284
2314	1285
2317	1286
2318	1287
2323	1288
2324	1289
2328	1290
2260	1291
2331	1292
2332	1293
2333	1294
1883	1295
2336	1296
725	1297
2339	1298
2341	1299
2342	1300
2344	1301
2345	1302
1236	1303
2347	1304
2348	1305
2350	1306
2355	1307
2356	1308
2358	1309
2359	1310
2360	1311
2361	1312
2362	1313
2363	1314
2364	1315
2366	1316
2368	1317
2369	1318
2371	1319
2372	1320
2373	1321
286	1322
2374	1323
2375	1324
2377	1325
2379	1326
2382	1327
2383	1328
2387	1329
2395	1330
2397	1331
2399	1332
2400	1333
2403	1334
2404	1335
2405	1336
2408	1337
2409	1338
2411	1339
2416	1340
2418	1341
2420	1342
2421	1343
2424	1344
2425	1345
2436	1346
2437	1347
2438	1348
1722	1349
2441	1350
2443	1351
2444	1352
2445	1353
2446	1354
2447	1355
2450	1356
2454	1357
1068	1358
2458	1359
2459	1360
2460	1361
2464	1362
2465	1363
2058	1364
2469	1365
2470	1366
2473	1367
2477	1368
2479	1369
2480	1370
2482	1371
2483	1372
2513	1373
2484	1374
2490	1375
2491	1376
2492	1377
2493	1378
2494	1379
2495	1380
2499	1381
2500	1382
2501	1383
2502	1384
2507	1385
2508	1386
2509	1387
2510	1388
2511	1389
2512	1390
2515	1391
2516	1392
2517	1393
2518	1394
2519	1395
2520	1396
2525	1397
2526	1398
2528	1399
2529	1400
2530	1401
2532	1402
2534	1403
2535	1404
2537	1405
2538	1406
2544	1407
2548	1408
2549	1409
2550	1410
2552	1411
2553	1412
2554	1413
2557	1414
2558	1415
2559	1416
2561	1417
1347	1418
2563	1419
2564	1420
2566	1421
2568	1422
2571	1423
2573	1424
2574	1425
189	1426
2576	1427
2578	1428
2581	1429
2583	1430
2585	1431
2596	1432
2588	1433
2589	1434
2590	1435
2597	1436
2599	1437
2601	1438
2605	1439
2607	1440
2608	1441
2611	1442
2613	1443
2592	1444
2618	1445
2619	1446
2620	1447
2621	1448
2622	1449
2623	1450
1271	1451
2624	1452
2625	1453
2632	1454
2633	1455
2634	1456
2635	1457
2639	1458
2640	1459
636	1460
2641	1461
1723	1462
2650	1463
2652	1464
2657	1465
2659	1466
2663	1467
2664	1468
2675	1469
2680	1470
2681	1471
2617	1472
2682	1473
2667	1474
2693	1475
2646	1476
2694	1477
1861	1478
2703	1479
2708	1480
2434	1481
2695	1482
2724	1483
2726	1484
2732	1485
2735	1486
2743	1487
2745	1488
1833	1489
2746	1490
2748	1491
2762	1492
2763	1493
2765	1494
2153	1495
2780	1496
2786	1497
2790	1498
2791	1499
2810	1500
2813	1501
2821	1502
2829	1503
1865	1504
2831	1505
2832	1506
1905	1507
1798	1508
2838	1509
2839	1510
2847	1511
2849	1512
2645	1513
2853	1514
2835	1515
2856	1516
2857	1517
2859	1518
2872	1519
2875	1520
2876	1521
2877	1522
2881	1523
2864	1524
2130	1525
2885	1526
2886	1527
2888	1528
2890	1529
2897	1530
2899	1531
2902	1532
2904	1533
2905	1534
2906	1535
2907	1536
2456	1537
2920	1538
2922	1539
2923	1540
2925	1541
2221	1542
2928	1543
2929	1544
2930	1545
2932	1546
2933	1547
2935	1548
2938	1549
2939	1550
2940	1551
2941	1552
2942	1553
2943	1554
2944	1555
2945	1556
2947	1557
2948	1558
2956	1559
2959	1560
2963	1561
2882	1562
2964	1563
2965	1564
2973	1565
2431	1566
2975	1567
2977	1568
2978	1569
2979	1570
2981	1571
2982	1572
2984	1573
2987	1574
2990	1575
2991	1576
1083	1577
2999	1578
3000	1579
3001	1580
3006	1581
2951	1582
2949	1583
3012	1584
3013	1585
3014	1586
3015	1587
2861	1588
2647	1589
3019	1590
3075	1591
1819	1592
1067	1593
3025	1594
3026	1595
3033	1596
3040	1597
3042	1598
3021	1599
3067	1600
3072	1601
3077	1602
3078	1603
3027	1604
3081	1605
3087	1606
3135	1607
3141	1608
3096	1609
3097	1610
3102	1611
3104	1612
3106	1613
3114	1614
3115	1615
3117	1616
3118	1617
2231	1618
3128	1619
3131	1620
3132	1621
3138	1622
3139	1623
3144	1624
3145	1625
3156	1626
3159	1627
3160	1628
3173	1629
3175	1630
3179	1631
3182	1632
3192	1633
3207	1634
3208	1635
3215	1636
3256	1637
3259	1638
3261	1639
3276	1640
3278	1641
3280	1642
3286	1643
3289	1644
3293	1645
3294	1646
3024	1647
3297	1648
3301	1649
3314	1650
3321	1651
2396	1652
3332	1653
3333	1654
3336	1655
398	1656
3341	1657
3343	1658
3350	1659
3351	1660
3352	1661
3353	1662
3354	1663
3357	1664
3124	1665
3359	1666
3366	1667
3369	1668
3370	1669
3371	1670
3375	1671
3376	1672
3377	1673
3378	1674
3379	1675
3382	1676
3389	1677
3390	1678
3394	1679
3395	1680
3399	1681
3402	1682
1323	1683
3409	1684
3412	1685
1205	1686
3404	1687
3401	1688
3414	1689
2123	1690
3424	1691
2823	1692
2874	1693
3430	1694
3433	1695
74	1696
3448	1697
3450	1698
3452	1699
3429	1700
3459	1701
3470	1702
3471	1703
3466	1704
3467	1705
3472	1706
2671	1707
3476	1708
3484	1709
3488	1710
1450	1711
3495	1712
3496	1713
3502	1714
3505	1715
3511	1716
3512	1717
3514	1718
3518	1719
3497	1720
3526	1721
3523	1722
3531	1723
3535	1724
3539	1725
3546	1726
3547	1727
3540	1728
3558	1729
3578	1730
3579	1731
3580	1732
3581	1733
3582	1734
3584	1735
3591	1736
2846	1737
3600	1738
3601	1739
3085	1740
3562	1741
3588	1742
3605	1743
3610	1744
3611	1745
3618	1746
3619	1747
3623	1748
3073	1749
3625	1750
3638	1751
3639	1752
817	1753
3644	1754
2533	1755
3649	1756
3650	1757
3653	1758
2691	1759
3662	1760
3663	1761
3668	1762
3676	1763
3698	1764
3699	1765
3704	1766
3705	1767
3707	1768
3713	1769
2730	1770
3721	1771
3673	1772
3727	1773
3733	1774
3734	1775
3739	1776
3702	1777
3748	1778
3749	1779
3751	1780
3752	1781
3758	1782
3767	1783
3769	1784
3770	1785
3778	1786
3790	1787
3791	1788
3795	1789
1034	1790
3674	1791
3799	1792
3800	1793
3805	1794
3806	1795
3807	1796
3810	1797
3811	1798
3823	1799
3843	1800
3844	1801
3849	1802
3852	1803
1035	1804
3855	1805
3862	1806
3876	1807
3894	1808
3901	1809
3902	1810
3904	1811
3905	1812
3906	1813
3909	1814
3919	1815
3920	1816
3925	1817
3933	1818
3987	1819
3945	1820
3946	1821
3954	1822
3957	1823
3964	1824
3965	1825
3967	1826
3975	1827
3980	1828
3981	1829
3486	1830
3991	1831
4002	1832
649	1833
4003	1834
4006	1835
677	1836
4011	1837
4012	1838
4013	1839
4014	1840
2296	1841
4025	1842
4029	1843
4042	1844
4043	1845
4044	1846
3197	1847
4046	1848
2850	1849
4072	1850
4085	1851
4086	1852
4088	1853
4090	1854
4097	1855
4098	1856
4099	1857
4102	1858
4103	1859
4104	1860
4111	1861
4115	1862
4118	1863
4119	1864
4120	1865
4124	1866
4128	1867
4129	1868
4133	1869
4134	1870
4139	1871
4143	1872
4148	1873
1656	1874
3559	1875
4159	1876
4243	1877
3574	1878
4161	1879
4164	1880
4166	1881
4168	1882
1695	1883
4182	1884
4186	1885
4201	1886
4213	1887
4214	1888
1896	1889
4221	1890
4223	1891
2655	1892
4234	1893
3881	1894
4235	1895
1644	1896
4238	1897
4241	1898
4247	1899
4253	1900
4261	1901
4272	1902
1336	1903
4284	1904
4285	1905
4287	1906
4288	1907
4295	1908
4298	1909
4300	1910
4307	1911
4308	1912
4322	1913
4309	1914
4311	1915
4313	1916
4315	1917
4317	1918
4323	1919
4327	1920
4329	1921
4334	1922
4335	1923
4336	1924
4332	1925
4343	1926
4344	1927
3884	1928
4355	1929
4357	1930
4358	1931
4359	1932
3555	1933
4360	1934
4361	1935
4365	1936
4367	1937
4370	1938
4371	1939
4469	1940
4374	1941
4377	1942
4380	1943
4381	1944
4382	1945
4392	1946
4393	1947
4403	1948
4404	1949
2283	1950
4388	1951
4410	1952
4411	1953
4413	1954
4428	1955
4419	1956
4430	1957
1464	1958
4440	1959
4443	1960
3449	1961
4444	1962
4448	1963
4449	1964
4450	1965
4451	1966
4423	1967
4454	1968
4458	1969
4467	1970
4468	1971
4475	1972
4478	1973
4479	1974
4481	1975
4482	1976
4485	1977
4486	1978
4490	1979
4494	1980
4497	1981
4539	1982
4540	1983
4509	1984
4510	1985
4515	1986
4516	1987
4518	1988
3463	1989
4522	1990
3345	1991
4557	1992
4559	1993
4564	1994
4565	1995
4572	1996
2435	1997
4593	1998
4596	1999
4603	2000
4605	2001
4608	2002
4609	2003
3178	2004
4617	2005
4620	2006
4621	2007
4625	2008
4636	2009
4647	2010
4648	2011
2688	2012
4651	2013
4652	2014
4668	2015
4671	2016
4599	2017
4767	2018
4712	2019
4678	2020
4679	2021
4685	2022
4688	2023
4703	2024
4304	2025
4711	2026
4716	2027
463	2028
4706	2029
4727	2030
4755	2031
4757	2032
4758	2033
4764	2034
4765	2035
4766	2036
4768	2037
4780	2038
4781	2039
4782	2040
4783	2041
4786	2042
4794	2043
4800	2044
4801	2045
2346	2046
4811	2047
4823	2048
4824	2049
4826	2050
4827	2051
4829	2052
2903	2053
4832	2054
4836	2055
4837	2056
3060	2057
4848	2058
4866	2059
4871	2060
1108	2061
4876	2062
4877	2063
4888	2064
4891	2065
4899	2066
4905	2067
4909	2068
4916	2069
2457	2070
4929	2071
4897	2072
4932	2073
4939	2074
4940	2075
4943	2076
4944	2077
4951	2078
4964	2079
4973	2080
4985	2081
4974	2082
5017	2083
5022	2084
4763	2085
2870	2086
5050	2087
5055	2088
5057	2089
5059	2090
5060	2091
5025	2092
5068	2093
5048	2094
5070	2095
5071	2096
5073	2097
5078	2098
5084	2099
5087	2100
5024	2101
5094	2102
5136	2103
5089	2104
5131	2105
5133	2106
5134	2107
5141	2108
5184	2109
5197	2110
5215	2111
5262	2112
5228	2113
5230	2114
5233	2115
5234	2116
5251	2117
5255	2118
5257	2119
5259	2120
3083	2121
5271	2122
5272	2123
5281	2124
5284	2125
5285	2126
2593	2127
5001	2128
5300	2129
2258	2130
5309	2131
5316	2132
5317	2133
5319	2134
5324	2135
5326	2136
5335	2137
5336	2138
5340	2139
5344	2140
5345	2141
2855	2142
5346	2143
5355	2144
1645	2145
5361	2146
1345	2147
5461	2148
5391	2149
5392	2150
5428	2151
5372	2152
5377	2153
5379	2154
5381	2155
5383	2156
5385	2157
5398	2158
2476	2159
5409	2160
5411	2161
5417	2162
4959	2163
5418	2164
5419	2165
5420	2166
5421	2167
5427	2168
5429	2169
5435	2170
5436	2171
5437	2172
5443	2173
2610	2174
5455	2175
5466	2176
5481	2177
5485	2178
125	2179
5500	2180
5501	2181
5502	2182
5507	2183
5516	2184
5517	2185
5518	2186
2889	2187
5524	2188
5530	2189
5538	2190
5543	2191
5547	2192
5560	2193
5559	2194
5565	2195
5573	2196
5649	2197
5580	2198
5581	2199
5583	2200
5554	2201
5586	2202
5588	2203
5591	2204
5592	2205
5594	2206
5558	2207
5598	2208
5599	2209
5608	2210
5614	2211
2322	2212
5622	2213
5625	2214
5626	2215
5631	2216
5639	2217
5640	2218
5642	2219
5643	2220
5646	2221
5652	2222
5659	2223
5660	2224
5666	2225
5674	2226
3062	2227
5684	2228
5688	2229
5690	2230
5712	2231
5695	2232
5697	2233
5707	2234
5709	2235
5710	2236
5717	2237
5719	2238
5743	2239
5769	2240
5770	2241
1915	2242
5774	2243
5775	2244
3589	2245
5777	2246
5779	2247
5783	2248
5785	2249
5788	2250
5791	2251
5792	2252
5803	2253
5826	2254
5800	2255
5813	2256
5814	2257
5819	2258
5823	2259
5821	2260
5847	2261
5868	2262
5856	2263
5852	2264
5841	2265
4056	2266
2854	2267
5864	2268
5878	2269
5169	2270
3592	2271
5881	2272
5885	2273
5839	2274
5891	2275
5882	2276
5911	2277
4353	2278
5923	2279
2038	2280
5930	2281
5933	2282
5936	2283
5937	2284
5940	2285
5941	2286
5945	2287
5955	2288
5961	2289
5962	2290
5965	2291
5966	2292
5973	2293
5975	2294
5982	2295
5985	2296
5991	2297
5993	2298
5994	2299
5997	2300
6071	2301
6007	2302
4338	2303
6013	2304
6014	2305
6016	2306
6017	2307
6037	2308
6044	2309
3432	2310
6067	2311
1646	2312
6081	2313
6085	2314
4009	2315
3418	2316
6090	2317
6091	2318
6092	2319
6094	2320
2468	2321
3731	2322
6097	2323
6079	2324
6140	2325
6141	2326
6158	2327
6161	2328
6170	2329
6171	2330
6173	2331
6183	2332
3861	2333
6198	2334
6200	2335
6201	2336
6202	2337
6203	2338
6204	2339
6207	2340
6218	2341
6220	2342
6223	2343
6224	2344
6226	2345
6232	2346
6234	2347
6235	2348
6254	2349
6257	2350
6258	2351
6260	2352
6261	2353
6269	2354
1309	2355
6273	2356
6279	2357
6284	2358
6291	2359
6300	2360
3924	2361
6323	2362
6324	2363
6263	2364
6331	2365
6336	2366
6347	2367
6349	2368
6350	2369
6351	2370
6355	2371
6364	2372
6367	2373
6369	2374
6377	2375
6378	2376
6382	2377
5232	2378
6384	2379
6390	2380
4281	2381
6394	2382
6399	2383
6408	2384
6409	2385
6418	2386
4578	2387
6421	2388
6422	2389
6425	2390
6426	2391
6427	2392
6429	2393
6431	2394
6432	2395
3306	2396
6452	2397
6465	2398
6473	2399
6475	2400
3187	2401
6492	2402
6487	2403
6501	2404
6505	2405
6516	2406
6512	2407
6542	2408
5629	2409
6539	2410
6540	2411
6541	2412
6376	2413
6561	2414
6572	2415
6577	2416
6575	2417
6581	2418
6582	2419
4251	2420
6589	2421
6579	2422
5855	2423
6607	2424
6620	2425
6608	2426
4956	2427
6633	2428
1328	2429
6642	2430
6643	2431
6649	2432
6657	2433
1332	2434
6682	2435
6660	2436
6694	2437
6264	2438
6702	2439
6705	2440
6718	2441
6738	2442
3882	2443
6764	2444
6777	2445
6778	2446
6767	2447
5086	2448
6775	2449
6780	2450
6794	2451
6798	2452
6805	2453
816	2454
6811	2455
6812	2456
6816	2457
6820	2458
4372	2459
4535	2460
6897	2461
5893	2462
6861	2463
6833	2464
6834	2465
6836	2466
6845	2467
6848	2468
6851	2469
6854	2470
6858	2471
6890	2472
5638	2473
6908	2474
6910	2475
6918	2476
6922	2477
6950	2478
6955	2479
6964	2480
6965	2481
6968	2482
5098	2483
6275	2484
6989	2485
6992	2486
5708	2487
6997	2488
6998	2489
5926	2490
7034	2491
7040	2492
7067	2493
7083	2494
7088	2495
6532	2496
7099	2497
7106	2498
7131	2499
7144	2500
7166	2501
7182	2502
3327	2503
7201	2504
7236	2505
7239	2506
815	2507
7266	2508
7277	2509
7282	2510
7294	2511
7299	2512
7305	2513
7307	2514
7310	2515
7311	2516
7334	2517
2844	2518
7355	2519
7369	2520
7384	2521
134	2522
7409	2523
7347	2524
2913	2525
7440	2526
7449	2527
7465	2528
7467	2529
7477	2530
7482	2531
7483	2532
7486	2533
7504	2534
7507	2535
7509	2536
7515	2537
7526	2538
892	2539
7538	2540
7548	2541
2716	2542
7442	2543
7553	2544
7555	2545
7556	2546
7560	2547
7563	2548
7573	2549
5951	2550
7575	2551
7578	2552
7583	2553
7020	2554
7589	2555
7615	2556
1038	2557
7111	2558
7600	2559
7602	2560
7622	2561
7628	2562
7630	2563
7635	2564
7638	2565
7665	2566
7669	2567
7611	2568
4203	2569
7671	2570
7684	2571
7706	2572
7726	2573
7713	2574
2129	2575
7722	2576
7730	2577
7733	2578
7737	2579
7489	2580
7742	2581
7746	2582
7749	2583
1840	2584
7764	2585
7753	2586
7873	2587
4127	2588
7887	2589
7888	2590
2407	2591
7909	2592
7910	2593
7912	2594
7913	2595
4681	2596
7945	2597
1628	2598
7957	2599
7946	2600
2413	2601
7953	2602
7960	2603
7961	2604
7965	2605
7973	2606
7974	2607
7995	2608
8001	2609
8002	2610
7981	2611
8008	2612
8016	2613
8019	2614
8033	2615
7829	2616
8049	2617
8052	2618
8054	2619
8081	2620
8090	2621
7937	2622
8112	2623
8120	2624
3061	2625
8133	2626
8154	2627
8157	2628
8161	2629
8048	2630
8207	2631
8264	2632
8274	2633
8275	2634
8287	2635
8293	2636
8303	2637
8312	2638
8318	2639
7934	2640
3274	2641
8371	2642
8376	2643
8401	2644
8396	2645
8402	2646
8408	2647
8412	2648
8416	2649
8419	2650
8421	2651
3281	2652
8446	2653
8457	2654
8472	2655
8479	2656
8495	2657
3570	2658
7177	2659
8490	2660
2715	2661
8493	2662
8494	2663
3504	2664
8513	2665
8550	2666
8607	2667
4340	2668
8580	2669
6113	2670
8644	2671
8650	2672
8664	2673
8363	2674
8681	2675
8683	2676
8685	2677
8710	2678
8715	2679
8716	2680
8717	2681
8721	2682
8729	2683
8730	2684
8732	2685
8733	2686
8734	2687
2871	2688
8754	2689
8763	2690
8772	2691
8780	2692
8781	2693
8784	2694
8785	2695
8791	2696
8793	2697
1866	2698
8804	2699
8812	2700
6760	2701
4447	2702
8815	2703
7086	2704
8836	2705
8711	2706
2960	2707
8855	2708
1947	2709
8877	2710
8896	2711
3307	2712
8916	2713
8945	2714
8947	2715
6666	2716
8950	2717
8937	2718
8474	2719
8974	2720
8981	2721
8984	2722
8985	2723
9059	2724
9061	2725
8991	2726
8995	2727
8594	2728
9029	2729
9033	2730
9039	2731
9051	2732
9063	2733
9073	2734
7234	2735
9120	2736
9121	2737
9169	2738
9192	2739
9272	2740
5983	2741
9220	2742
9224	2743
9239	2744
9295	2745
9304	2746
9315	2747
418	2748
9319	2749
9336	2750
9337	2751
9342	2752
3028	2753
9352	2754
4172	2755
9372	2756
9362	2757
9369	2758
2503	2759
9395	2760
9432	2761
9428	2762
9438	2763
9445	2764
9448	2765
9454	2766
901	2767
9467	2768
9469	2769
9472	2770
9482	2771
9483	2772
9486	2773
9497	2774
5430	2775
9565	2776
9572	2777
7270	2778
3490	2779
9623	2780
9624	2781
6627	2782
9631	2783
9653	2784
9658	2785
9690	2786
9691	2787
9696	2788
9702	2789
9705	2790
9721	2791
9745	2792
9813	2793
9833	2794
9861	2795
8045	2796
9885	2797
9963	2798
2841	2799
9979	2800
7714	2801
9321	2802
10017	2803
10025	2804
10028	2805
10033	2806
6060	2807
10043	2808
10089	2809
10121	2810
10147	2811
10154	2812
10155	2813
10166	2814
10169	2815
10176	2816
10225	2817
10233	2818
10237	2819
1776	2820
4396	2821
10242	2822
638	2823
5989	2824
8631	2825
10249	2826
10297	2827
3044	2828
10270	2829
10275	2830
5291	2831
10288	2832
10332	2833
10314	2834
836	2835
10340	2836
10343	2837
9377	2838
3036	2839
7652	2840
10393	2841
6329	2842
10407	2843
10452	2844
10464	2845
10468	2846
10473	2847
955	2848
10517	2849
10518	2850
9719	2851
3491	2852
10526	2853
410	2854
9564	2855
10577	2856
10583	2857
10587	2858
10604	2859
10619	2860
3282	2861
10627	2862
10640	2863
10624	2864
10650	2865
907	2866
7425	2867
10669	2868
10683	2869
10688	2870
10698	2871
10699	2872
1269	2873
10718	2874
10720	2875
10802	2876
10786	2877
10801	2878
3034	2879
10862	2880
2668	2881
7210	2882
10883	2883
10888	2884
10889	2885
10899	2886
10924	2887
10945	2888
10948	2889
11067	2890
11073	2891
11191	2892
11210	2893
11242	2894
11251	2895
9604	2896
10047	2897
11346	2898
11349	2899
10429	2900
5313	2901
11366	2902
11401	2903
11407	2904
11495	2905
11506	2906
11514	2907
11551	2908
8574	2909
3564	2910
326	2911
11760	2912
2817	2913
11775	2914
11783	2915
7030	2916
11864	2917
11892	2918
11259	2919
11926	2920
11940	2921
1472	2922
6972	2923
11963	2924
11973	2925
6375	2926
12005	2927
12030	2928
8485	2929
4661	2930
1940	2931
6615	2932
6314	2933
11986	2934
12105	2935
9558	2936
12150	2937
12170	2938
12174	2939
12186	2940
12227	2941
7309	2942
12287	2943
12335	2944
12464	2945
12473	2946
12487	2947
12488	2948
12508	2949
12518	2950
12535	2951
746	2952
12565	2953
12575	2954
12576	2955
12585	2956
9896	2957
10226	2958
12600	2959
12619	2960
12639	2961
2505	2962
12655	2963
12665	2964
12681	2965
12687	2966
12709	2967
10127	2968
1172	2969
12877	2970
12880	2971
2072	2972
12906	2973
12928	2974
10273	2975
8971	2976
3285	2977
10244	2978
6062	2979
13051	2980
13084	2981
13095	2982
13192	2983
13202	2984
13228	2985
13250	2986
13251	2987
13252	2988
13265	2989
13257	2990
13253	2991
13100	2992
13285	2993
13332	2994
13333	2995
13344	2996
13346	2997
13395	2998
2057	2999
13427	3000
13429	3001
13432	3002
13433	3003
5491	3004
13456	3005
13461	3006
13466	3007
5552	3008
3595	3009
7296	3010
2433	3011
13554	3012
13581	3013
232	3014
7805	3015
11357	3016
13684	3017
2699	3018
13721	3019
11456	3020
10582	3021
13764	3022
3279	3023
13798	3024
13813	3025
13891	3026
13872	3027
7772	3028
7359	3029
13884	3030
13910	3031
12560	3032
14188	3033
14229	3034
14230	3035
6109	3036
12270	3037
2720	3038
14236	3039
14316	3040
3305	3041
14425	3042
14464	3043
14498	3044
14534	3045
8428	3046
14548	3047
9150	3048
14664	3049
14665	3050
14686	3051
14718	3052
14758	3053
14844	3054
14921	3055
14987	3056
14994	3057
6563	3058
15009	3059
15018	3060
15020	3061
15022	3062
4052	3063
15156	3064
15183	3065
15188	3066
15211	3067
15212	3068
4464	3069
4438	3070
15269	3071
2731	3072
15387	3073
15415	3074
15427	3075
15485	3076
15675	3077
15720	3078
5264	3079
15818	3080
4420	3081
15797	3082
7216	3083
15876	3084
15897	3085
15898	3086
15901	3087
15914	3088
15913	3089
1211	3090
6251	3091
15944	3092
8951	3093
2018	3094
16007	3095
16070	3096
16071	3097
2426	3098
16314	3099
16329	3100
16334	3101
16330	3102
8508	3103
10362	3104
16372	3105
14860	3106
16402	3107
16484	3108
16557	3109
16558	3110
16568	3111
16552	3112
16611	3113
16692	3114
16693	3115
16834	3116
3872	3117
16833	3118
16840	3119
16850	3120
13589	3121
3071	3122
17106	3123
17172	3124
17233	3125
17263	3126
3465	3127
17317	3128
17371	3129
16682	3130
17493	3131
17466	3132
17516	3133
17804	3134
17834	3135
17844	3136
17852	3137
5349	3138
17948	3139
17940	3140
2612	3141
18322	3142
1466	3143
18518	3144
18556	3145
15964	3146
18635	3147
1736	3148
18712	3149
18736	3150
18763	3151
4525	3152
287	3153
19042	3154
1425	3155
19173	3156
19172	3157
19225	3158
19252	3159
19270	3160
19255	3161
19283	3162
4546	3163
19344	3164
19494	3165
19495	3166
19621	3167
19903	3168
19993	3169
20043	3170
20094	3171
20130	3172
20169	3173
19256	3174
20283	3175
20342	3176
20393	3177
20452	3178
20413	3179
20447	3180
20521	3181
18295	3182
20511	3183
13291	3184
20596	3185
20639	3186
20710	3187
20783	3188
20805	3189
20826	3190
20830	3191
20839	3192
20829	3193
20881	3194
21061	3195
21188	3196
21167	3197
21415	3198
3568	3199
21517	3200
21593	3201
21712	3202
4573	3203
15013	3204
7760	3205
3556	3206
12798	3207
7204	3208
22182	3209
22183	3210
22205	3211
22326	3212
22463	3213
22472	3214
13296	3215
22541	3216
22544	3217
22608	3218
7852	3219
22656	3220
6222	3221
8065	3222
22899	3223
22920	3224
3685	3225
23219	3226
1327	3227
12703	3228
23618	3229
23630	3230
12204	3231
23820	3232
23821	3233
2064	3234
23828	3235
1201	3236
24020	3237
24018	3238
24021	3239
3022	3240
4211	3241
3148	3242
9273	3243
13397	3244
26036	3245
26206	3246
26221	3247
26390	3248
4747	3249
26772	3250
26849	3251
27044	3252
27047	3253
27050	3254
27045	3255
27048	3256
27116	3257
27256	3258
27274	3259
6250	3260
27690	3261
28254	3262
28448	3263
28543	3264
28561	3265
28574	3266
28568	3267
28570	3268
28567	3269
28571	3270
28572	3271
28608	3272
21996	3273
29457	3274
29456	3275
29472	3276
16138	3277
30151	3278
30214	3279
30224	3280
30258	3281
30375	3282
30442	3283
30394	3284
3003	3285
6055	3286
31091	3287
20690	3288
20741	3289
31190	3290
13328	3291
31476	3292
31477	3293
31478	3294
31479	3295
31482	3296
31561	3297
31558	3298
31697	3299
32019	3300
32020	3301
32038	3302
32077	3303
32475	3304
32645	3305
33433	3306
2073	3307
33667	3308
33707	3309
33734	3310
33733	3311
17669	3312
34219	3313
4047	3314
3765	3315
34383	3316
34384	3317
34389	3318
34495	3319
34553	3320
34554	3321
35399	3322
16304	3323
35672	3324
35673	3325
35675	3326
35680	3327
35688	3328
35690	3329
35691	3330
35695	3331
35712	3332
35874	3333
36365	3334
36375	3335
36585	3336
37334	3337
9182	3338
715	3339
37738	3340
37752	3341
17284	3342
3911	3343
38849	3344
38941	3345
39007	3346
39337	3347
39338	3348
39339	3349
39348	3350
39657	3351
39658	3352
39655	3353
39665	3354
39666	3355
39660	3356
39756	3357
107	3358
40011	3359
40358	3360
40659	3361
40851	3362
41117	3363
41202	3364
41958	3365
41989	3366
42079	3367
42080	3368
42081	3369
42082	3370
42185	3371
5904	3372
42357	3373
43352	3374
43623	3375
43635	3376
43636	3377
43637	3378
43867	3379
43881	3380
43930	3381
44782	3382
45051	3383
45200	3384
45355	3385
4748	3386
46323	3387
46638	3388
1813	3389
47018	3390
3631	3391
47698	3392
48109	3393
48666	3394
48936	3395
49172	3396
49257	3397
49498	3398
49515	3399
49532	3400
49534	3401
49946	3402
50178	3403
50179	3404
28008	3405
582	3406
51250	3407
51644	3408
51712	3409
51717	3410
51718	3411
52057	3412
52207	3413
26	3414
31	3415
32	3416
48	3417
64	3418
42	3419
114	3420
118	3421
188	3422
252	3423
285	3424
1039	3425
814	3426
948	3427
952	3428
1307	3429
1326	3430
1370	3431
1768	3432
1799	3433
1820	3434
1841	3435
1923	3436
2006	3437
1470	3438
3125	3439
1834	3440
3198	3441
3253	3442
3419	3443
3460	3444
3630	3445
3632	3446
3658	3447
1862	3448
900	3449
3762	3450
3831	3451
3883	3452
3870	3453
4131	3454
4158	3455
4169	3456
2455	3457
4390	3458
4435	3459
4465	3460
1860	3461
4554	3462
4750	3463
4770	3464
4739	3465
5114	3466
5204	3467
4735	3468
5492	3469
5656	3470
5760	3471
6278	3472
6815	3473
6898	3474
1956	3475
7218	3476
7274	3477
6002	3478
7476	3479
7771	3480
1979	3481
8211	3482
8695	3483
9790	3484
12853	3485
13856	3486
14139	3487
14169	3488
14187	3489
14260	3490
14261	3491
14272	3492
14842	3493
15095	3494
15895	3495
15945	3496
16404	3497
16433	3498
16835	3499
17274	3500
17275	3501
17775	3502
16456	3503
20619	3504
20701	3505
20717	3506
20720	3507
