org_id	remap_id
8	0
32	1
57	2
147	3
233	4
242	5
259	6
302	7
319	8
336	9
372	10
427	11
485	12
521	13
538	14
620	15
788	16
819	17
913	18
934	19
970	20
1016	21
1033	22
1049	23
1094	24
1103	25
1113	26
1149	27
1263	28
1296	29
1320	30
1328	31
1352	32
1423	33
1455	34
1476	35
1505	36
1557	37
1701	38
1751	39
1774	40
1822	41
1856	42
1887	43
1933	44
1952	45
1987	46
2022	47
2032	48
2055	49
2128	50
2151	51
2232	52
2300	53
2315	54
2330	55
2367	56
2393	57
2437	58
2462	59
2487	60
2498	61
2549	62
2570	63
2586	64
2611	65
2636	66
2701	67
2716	68
2748	69
2831	70
2879	71
2911	72
2934	73
2952	74
2961	75
2989	76
3032	77
3083	78
3122	79
3203	80
3220	81
3233	82
3257	83
3279	84
3337	85
3396	86
3421	87
3454	88
3513	89
3539	90
3568	91
3646	92
3728	93
3743	94
3789	95
3817	96
3836	97
3914	98
3943	99
3957	100
4031	101
4089	102
4109	103
4135	104
4154	105
4188	106
4237	107
4324	108
4363	109
4488	110
4549	111
4681	112
4717	113
4742	114
4762	115
4795	116
4828	117
4911	118
4977	119
5024	120
5046	121
5075	122
5108	123
5186	124
5251	125
5266	126
5323	127
5424	128
5478	129
5584	130
5606	131
5648	132
5802	133
5817	134
5863	135
5937	136
5947	137
5959	138
6020	139
6047	140
6067	141
6092	142
6111	143
6120	144
6141	145
6157	146
6186	147
6195	148
6263	149
6403	150
6452	151
6510	152
6548	153
6585	154
6652	155
6663	156
6677	157
6704	158
6796	159
6862	160
6888	161
6897	162
6919	163
6934	164
6995	165
7050	166
7066	167
7081	168
7105	169
7122	170
7175	171
7212	172
7268	173
7275	174
7290	175
7328	176
7379	177
7396	178
7461	179
7506	180
7558	181
7706	182
7740	183
7779	184
7843	185
7865	186
7924	187
7948	188
7978	189
8016	190
8039	191
8068	192
8095	193
8216	194
8232	195
8291	196
8315	197
8336	198
8351	199
8373	200
8386	201
8408	202
8445	203
8452	204
8484	205
8554	206
8567	207
8612	208
8622	209
8670	210
8680	211
8691	212
8716	213
8743	214
8775	215
8794	216
8883	217
8905	218
8953	219
8974	220
8997	221
9016	222
9054	223
9106	224
9145	225
9152	226
9167	227
9198	228
9307	229
9402	230
9411	231
9440	232
9469	233
9486	234
9528	235
9548	236
9566	237
9578	238
9600	239
9660	240
9689	241
9766	242
9796	243
9845	244
9909	245
9917	246
9928	247
9985	248
10054	249
10125	250
10178	251
10192	252
10235	253
10253	254
10289	255
10313	256
10327	257
10376	258
10425	259
10486	260
10510	261
10523	262
10567	263
10587	264
10620	265
10634	266
10654	267
10680	268
10691	269
10725	270
10740	271
10808	272
10831	273
10885	274
10949	275
10990	276
11001	277
11042	278
11081	279
11109	280
11144	281
11166	282
11260	283
11274	284
11295	285
11367	286
11402	287
11428	288
11475	289
11535	290
11568	291
11604	292
11636	293
11690	294
11699	295
11713	296
11721	297
11729	298
11765	299
11779	300
11797	301
11829	302
11844	303
11853	304
11896	305
11932	306
11962	307
11996	308
12003	309
12025	310
12034	311
12074	312
12098	313
12125	314
12155	315
12205	316
12299	317
12353	318
12366	319
12417	320
12476	321
12506	322
12529	323
12587	324
12623	325
12667	326
12690	327
12708	328
12751	329
12804	330
12829	331
12837	332
12847	333
12874	334
12885	335
12925	336
12976	337
12994	338
13001	339
13062	340
13084	341
13102	342
13129	343
13161	344
13191	345
13214	346
13222	347
13229	348
13251	349
13293	350
13320	351
13356	352
13366	353
13434	354
13469	355
13629	356
13642	357
13676	358
13691	359
13713	360
13724	361
13783	362
13791	363
13804	364
13843	365
13913	366
13924	367
13936	368
13973	369
13994	370
14030	371
14048	372
14067	373
14077	374
14138	375
14206	376
14215	377
14288	378
14323	379
14349	380
14386	381
14426	382
14486	383
14497	384
14579	385
14601	386
14631	387
14653	388
14666	389
14677	390
14735	391
14759	392
14876	393
14889	394
14944	395
14966	396
14974	397
14998	398
15012	399
15049	400
15067	401
15092	402
15116	403
15180	404
15211	405
15232	406
15260	407
15298	408
15307	409
15318	410
15408	411
15464	412
15494	413
15526	414
15554	415
15565	416
15583	417
15624	418
15728	419
15766	420
15773	421
15784	422
15800	423
15807	424
15863	425
15905	426
15991	427
16016	428
16042	429
16080	430
16090	431
16153	432
16162	433
16181	434
16193	435
16205	436
16394	437
16419	438
16450	439
16495	440
16512	441
16524	442
16553	443
16602	444
16626	445
16643	446
16679	447
16727	448
16834	449
16867	450
16915	451
16935	452
16953	453
16972	454
16998	455
17021	456
17102	457
17130	458
17187	459
17200	460
17210	461
17308	462
17340	463
17397	464
17430	465
17462	466
17531	467
17555	468
17633	469
17659	470
17684	471
17711	472
17807	473
17829	474
17855	475
17884	476
18115	477
18144	478
18349	479
18481	480
18588	481
18666	482
18720	483
18745	484
18785	485
18893	486
18924	487
19009	488
19071	489
19222	490
19320	491
19334	492
19354	493
19433	494
19500	495
19560	496
19622	497
19634	498
19688	499
19812	500
20181	501
20214	502
20235	503
20269	504
20410	505
20462	506
20533	507
20614	508
20719	509
20889	510
20949	511
21050	512
21073	513
21127	514
21148	515
21307	516
21343	517
21503	518
21566	519
21619	520
21634	521
21682	522
21733	523
21779	524
21862	525
21994	526
22054	527
22091	528
22163	529
22225	530
22245	531
22445	532
22507	533
22526	534
22546	535
22563	536
22617	537
22681	538
22688	539
22728	540
22743	541
22791	542
22919	543
23026	544
23100	545
23135	546
23199	547
23351	548
23367	549
23486	550
23523	551
23595	552
23650	553
23687	554
23723	555
23849	556
23948	557
23992	558
24009	559
24096	560
24208	561
24227	562
24242	563
24266	564
24346	565
24404	566
24510	567
24571	568
24608	569
24770	570
24802	571
24924	572
25074	573
25116	574
25253	575
25319	576
25395	577
25488	578
25515	579
25702	580
25723	581
25738	582
25795	583
25810	584
25835	585
25936	586
26018	587
26036	588
26183	589
26200	590
26261	591
26305	592
26333	593
26497	594
26550	595
26579	596
26623	597
26642	598
26654	599
26679	600
26747	601
26787	602
26876	603
26937	604
26954	605
27006	606
27025	607
27065	608
27143	609
27166	610
27181	611
27229	612
27275	613
27380	614
27421	615
27443	616
27466	617
27541	618
27624	619
27640	620
27697	621
27706	622
27748	623
27832	624
27910	625
27926	626
27994	627
28049	628
28061	629
28115	630
28153	631
28206	632
28219	633
28336	634
28371	635
28459	636
28526	637
28539	638
28550	639
28564	640
28594	641
28623	642
28674	643
28803	644
28843	645
28870	646
29167	647
29415	648
29427	649
29455	650
29480	651
29509	652
29555	653
29627	654
29658	655
29712	656
29888	657
29921	658
30018	659
30040	660
30064	661
30103	662
30118	663
30201	664
30221	665
30261	666
30378	667
30443	668
30511	669
30548	670
30574	671
30669	672
30712	673
30815	674
30848	675
30962	676
31020	677
31039	678
31053	679
31272	680
31429	681
31503	682
31602	683
31749	684
31809	685
31942	686
31994	687
32016	688
32033	689
32059	690
32088	691
32180	692
32213	693
32282	694
32375	695
32387	696
32415	697
32438	698
32518	699
32542	700
32598	701
32617	702
32666	703
32715	704
32724	705
32738	706
32839	707
32889	708
32910	709
32981	710
33045	711
33106	712
33121	713
33139	714
33163	715
33225	716
33256	717
33328	718
33422	719
33457	720
33625	721
33703	722
33746	723
33804	724
33925	725
34001	726
34047	727
34183	728
34267	729
34396	730
34537	731
34600	732
34652	733
34764	734
34807	735
34860	736
35010	737
35030	738
35089	739
35223	740
35259	741
35289	742
35374	743
35404	744
35440	745
35480	746
35518	747
35541	748
35646	749
35745	750
35848	751
35908	752
35921	753
35995	754
36075	755
36132	756
36200	757
36332	758
36493	759
36549	760
36597	761
36616	762
36667	763
36735	764
36746	765
36829	766
36844	767
36873	768
37115	769
37186	770
37213	771
37243	772
37475	773
37550	774
37567	775
37786	776
37851	777
37874	778
37950	779
38220	780
38271	781
38415	782
38525	783
38536	784
38579	785
38668	786
38719	787
38767	788
38790	789
38853	790
38883	791
38943	792
38984	793
39053	794
39077	795
39091	796
39164	797
39299	798
39319	799
39359	800
39375	801
39415	802
39593	803
39642	804
39674	805
39694	806
39755	807
39813	808
39840	809
39895	810
39968	811
40001	812
40070	813
40146	814
40306	815
40324	816
40387	817
40523	818
40562	819
40599	820
40625	821
40647	822
40683	823
40836	824
40878	825
40917	826
40958	827
41072	828
41150	829
41183	830
41201	831
41291	832
41330	833
41379	834
41461	835
41505	836
41568	837
41610	838
41685	839
41759	840
41788	841
41801	842
41911	843
42074	844
42186	845
42250	846
42450	847
42525	848
42630	849
42649	850
42679	851
42725	852
42841	853
42872	854
42950	855
43046	856
43070	857
43164	858
43204	859
43301	860
43335	861
43502	862
43554	863
43570	864
43678	865
43978	866
44010	867
44046	868
44166	869
44278	870
44303	871
44334	872
44368	873
44382	874
44414	875
44451	876
44460	877
44568	878
44712	879
44758	880
44871	881
44917	882
44978	883
45095	884
45129	885
45151	886
45196	887
45212	888
45232	889
45276	890
45299	891
45368	892
45428	893
45497	894
45524	895
45573	896
45650	897
45748	898
45897	899
45945	900
45974	901
46052	902
46220	903
46279	904
46319	905
46409	906
46549	907
46674	908
46715	909
46766	910
46798	911
46888	912
46901	913
46970	914
47053	915
47150	916
47238	917
47252	918
47354	919
47462	920
47559	921
47630	922
47658	923
47696	924
47778	925
47810	926
47923	927
47951	928
47996	929
48054	930
48330	931
48357	932
48396	933
48429	934
48457	935
48472	936
48485	937
48520	938
48552	939
48586	940
48618	941
48697	942
48810	943
49031	944
49058	945
49104	946
49159	947
49238	948
49268	949
49300	950
49329	951
49363	952
49394	953
49408	954
49482	955
49591	956
49683	957
49764	958
49792	959
49816	960
49839	961
49850	962
49896	963
49978	964
50012	965
50064	966
50195	967
50255	968
50323	969
50387	970
50415	971
50438	972
50538	973
50556	974
50603	975
50628	976
50698	977
50732	978
50763	979
50838	980
50854	981
50917	982
50941	983
51017	984
51114	985
51149	986
51188	987
51283	988
51351	989
51367	990
51379	991
51444	992
51488	993
51543	994
51579	995
51631	996
51722	997
51757	998
51780	999
51985	1000
52177	1001
52303	1002
52355	1003
52394	1004
52474	1005
52515	1006
52565	1007
52621	1008
52717	1009
52751	1010
52828	1011
52867	1012
52876	1013
53002	1014
53033	1015
53104	1016
53118	1017
53147	1018
53161	1019
53194	1020
53225	1021
53234	1022
53312	1023
53346	1024
53410	1025
53464	1026
53624	1027
53668	1028
53725	1029
53806	1030
53844	1031
53870	1032
53949	1033
54005	1034
54022	1035
54153	1036
54173	1037
54208	1038
54255	1039
54307	1040
54333	1041
54425	1042
54441	1043
54461	1044
54473	1045
54505	1046
54582	1047
54691	1048
54772	1049
54847	1050
54916	1051
54968	1052
55034	1053
55147	1054
55267	1055
55301	1056
55395	1057
55466	1058
55512	1059
55773	1060
55826	1061
55843	1062
55976	1063
55995	1064
56055	1065
56067	1066
56089	1067
56171	1068
56373	1069
56419	1070
56555	1071
56637	1072
56684	1073
56742	1074
56760	1075
56796	1076
56885	1077
56997	1078
57030	1079
57059	1080
57122	1081
57151	1082
57284	1083
57359	1084
57443	1085
57505	1086
57681	1087
57722	1088
57848	1089
57943	1090
57956	1091
57999	1092
58088	1093
58181	1094
58300	1095
58346	1096
58464	1097
58519	1098
58602	1099
58699	1100
58758	1101
58771	1102
58871	1103
58882	1104
58898	1105
58923	1106
58935	1107
59005	1108
59180	1109
59208	1110
59264	1111
59557	1112
59577	1113
59596	1114
59756	1115
59799	1116
59871	1117
59890	1118
59979	1119
60064	1120
60219	1121
60349	1122
60395	1123
60465	1124
60597	1125
60610	1126
60654	1127
60690	1128
60725	1129
60735	1130
60756	1131
60840	1132
61034	1133
61193	1134
61268	1135
61308	1136
61392	1137
61434	1138
61522	1139
61572	1140
61581	1141
61588	1142
61607	1143
61637	1144
61713	1145
61823	1146
61876	1147
61910	1148
61937	1149
61992	1150
62070	1151
62149	1152
62195	1153
62254	1154
62278	1155
62346	1156
62356	1157
62398	1158
62461	1159
62543	1160
62591	1161
62713	1162
62825	1163
62938	1164
62997	1165
63050	1166
63207	1167
63236	1168
63248	1169
63285	1170
63394	1171
63458	1172
63519	1173
63556	1174
63581	1175
63633	1176
63680	1177
63696	1178
63762	1179
63774	1180
63821	1181
63896	1182
63930	1183
64027	1184
64040	1185
64050	1186
64120	1187
64239	1188
64250	1189
64395	1190
64432	1191
64467	1192
64476	1193
64486	1194
64555	1195
64607	1196
64649	1197
64687	1198
64705	1199
64738	1200
64801	1201
64826	1202
64859	1203
64867	1204
65038	1205
65077	1206
65160	1207
65191	1208
65215	1209
65306	1210
65423	1211
65446	1212
65563	1213
65612	1214
65754	1215
65775	1216
65800	1217
65900	1218
65928	1219
66011	1220
66034	1221
66073	1222
66163	1223
66198	1224
66388	1225
66509	1226
66662	1227
66681	1228
66713	1229
66759	1230
66824	1231
66844	1232
67063	1233
67148	1234
67528	1235
67549	1236
67640	1237
67744	1238
67762	1239
67794	1240
67926	1241
67984	1242
68017	1243
68086	1244
68174	1245
68228	1246
68288	1247
68308	1248
68360	1249
68439	1250
68476	1251
68536	1252
68581	1253
68693	1254
68737	1255
68918	1256
68932	1257
69062	1258
69167	1259
69249	1260
69355	1261
69405	1262
69459	1263
69550	1264
69602	1265
69717	1266
69725	1267
69755	1268
69777	1269
69797	1270
69836	1271
69892	1272
69950	1273
70006	1274
70048	1275
70094	1276
70182	1277
70202	1278
70218	1279
70255	1280
70307	1281
70497	1282
70613	1283
70647	1284
70781	1285
70831	1286
70838	1287
70894	1288
70991	1289
71011	1290
71214	1291
71312	1292
71322	1293
71371	1294
71493	1295
71598	1296
71664	1297
71735	1298
71775	1299
71822	1300
71907	1301
72005	1302
72099	1303
72179	1304
72207	1305
72255	1306
72405	1307
72465	1308
72481	1309
72551	1310
72563	1311
72574	1312
72631	1313
72646	1314
72718	1315
72740	1316
72798	1317
72924	1318
73128	1319
73144	1320
73226	1321
73253	1322
73317	1323
73360	1324
73473	1325
73515	1326
73539	1327
73561	1328
73580	1329
73623	1330
73653	1331
73688	1332
73727	1333
73797	1334
73870	1335
73941	1336
73962	1337
74019	1338
74053	1339
74110	1340
74225	1341
74254	1342
74271	1343
74322	1344
74379	1345
74391	1346
74444	1347
74577	1348
74708	1349
74793	1350
74843	1351
74967	1352
75015	1353
75061	1354
75110	1355
75182	1356
75204	1357
75232	1358
75265	1359
75324	1360
75391	1361
75445	1362
75490	1363
75507	1364
75540	1365
75561	1366
75626	1367
75749	1368
75803	1369
75927	1370
75986	1371
75998	1372
76447	1373
76529	1374
76566	1375
76601	1376
76680	1377
76734	1378
76837	1379
76885	1380
76912	1381
76931	1382
76972	1383
77046	1384
77133	1385
77180	1386
77247	1387
77302	1388
77413	1389
77527	1390
77563	1391
77620	1392
77671	1393
77754	1394
78003	1395
78108	1396
78201	1397
78214	1398
78238	1399
78257	1400
78303	1401
78341	1402
78389	1403
78404	1404
78535	1405
78549	1406
78592	1407
78607	1408
78674	1409
78703	1410
78721	1411
78755	1412
78854	1413
79054	1414
79113	1415
79164	1416
79205	1417
79237	1418
79280	1419
79357	1420
79397	1421
79486	1422
79511	1423
79593	1424
79684	1425
79706	1426
79770	1427
79789	1428
79828	1429
79882	1430
79911	1431
79959	1432
79967	1433
80036	1434
80083	1435
80270	1436
80282	1437
80298	1438
80334	1439
80359	1440
80417	1441
80443	1442
80474	1443
80488	1444
80502	1445
80559	1446
80599	1447
80683	1448
80743	1449
80773	1450
80837	1451
80924	1452
80959	1453
80991	1454
81102	1455
81173	1456
81195	1457
81344	1458
81392	1459
81416	1460
81484	1461
81511	1462
81597	1463
81706	1464
82006	1465
82073	1466
82093	1467
82141	1468
82284	1469
82359	1470
82395	1471
82425	1472
82630	1473
82662	1474
82770	1475
82887	1476
82897	1477
82979	1478
83001	1479
83039	1480
83070	1481
83181	1482
83228	1483
83318	1484
83355	1485
83375	1486
83388	1487
83408	1488
83447	1489
83503	1490
83527	1491
83619	1492
83640	1493
83675	1494
83690	1495
83734	1496
83844	1497
83903	1498
83954	1499
84023	1500
84115	1501
84124	1502
84229	1503
84239	1504
84365	1505
84382	1506
84469	1507
84521	1508
84552	1509
84568	1510
84603	1511
84620	1512
84791	1513
84917	1514
84972	1515
85166	1516
85268	1517
85364	1518
85410	1519
85506	1520
85556	1521
85592	1522
85755	1523
85813	1524
85943	1525
86012	1526
86086	1527
86141	1528
86217	1529
86268	1530
86320	1531
86388	1532
86468	1533
86672	1534
86730	1535
86875	1536
86928	1537
87192	1538
87302	1539
87453	1540
87499	1541
87615	1542
87652	1543
87693	1544
87760	1545
87841	1546
87897	1547
87923	1548
87974	1549
88108	1550
88153	1551
88241	1552
88649	1553
88658	1554
88706	1555
88716	1556
88800	1557
88842	1558
88927	1559
88964	1560
89083	1561
89182	1562
89201	1563
89224	1564
89295	1565
89391	1566
89412	1567
89454	1568
89549	1569
89560	1570
89615	1571
89712	1572
89838	1573
89869	1574
89921	1575
89990	1576
90070	1577
90113	1578
90145	1579
90178	1580
90290	1581
90404	1582
90433	1583
90442	1584
90582	1585
90629	1586
90877	1587
90925	1588
91038	1589
91110	1590
91138	1591
91172	1592
91262	1593
91381	1594
91446	1595
91458	1596
91479	1597
91516	1598
91618	1599
91638	1600
91730	1601
91764	1602
91868	1603
91905	1604
91998	1605
92017	1606
92177	1607
92302	1608
92318	1609
92341	1610
92383	1611
92419	1612
92465	1613
92476	1614
92564	1615
92616	1616
92631	1617
92690	1618
92871	1619
92890	1620
92968	1621
93000	1622
93030	1623
93070	1624
93114	1625
93282	1626
93408	1627
93463	1628
93594	1629
93708	1630
93793	1631
93867	1632
93902	1633
93917	1634
94012	1635
94028	1636
94054	1637
94089	1638
94211	1639
94282	1640
94482	1641
94632	1642
94771	1643
94871	1644
94895	1645
94964	1646
95023	1647
95033	1648
95066	1649
95115	1650
95152	1651
95213	1652
95237	1653
95278	1654
95487	1655
95587	1656
95606	1657
95671	1658
95685	1659
95705	1660
95874	1661
95919	1662
95944	1663
96012	1664
96132	1665
96154	1666
96249	1667
96288	1668
96313	1669
96426	1670
96551	1671
96577	1672
96588	1673
96606	1674
96666	1675
96703	1676
96766	1677
96816	1678
96883	1679
96895	1680
96951	1681
96991	1682
97216	1683
97386	1684
97403	1685
97458	1686
97497	1687
97582	1688
97600	1689
97661	1690
97691	1691
97723	1692
97770	1693
97786	1694
97841	1695
97867	1696
97951	1697
98013	1698
98048	1699
98097	1700
98127	1701
98179	1702
98206	1703
98331	1704
98444	1705
98495	1706
98636	1707
98720	1708
98784	1709
98870	1710
98932	1711
98963	1712
98998	1713
99026	1714
99046	1715
99093	1716
99132	1717
99207	1718
99246	1719
99345	1720
99354	1721
99379	1722
99392	1723
99481	1724
99512	1725
99536	1726
99654	1727
100111	1728
100149	1729
100232	1730
100456	1731
100668	1732
100884	1733
100957	1734
100981	1735
101038	1736
101063	1737
101084	1738
101198	1739
101331	1740
101421	1741
101470	1742
101624	1743
101721	1744
101787	1745
101819	1746
101946	1747
102014	1748
102120	1749
102129	1750
102146	1751
102185	1752
102218	1753
102248	1754
102362	1755
102379	1756
102420	1757
102444	1758
102562	1759
102589	1760
102661	1761
102722	1762
102824	1763
102867	1764
102909	1765
102929	1766
102977	1767
103005	1768
103185	1769
103201	1770
103225	1771
103307	1772
103371	1773
103398	1774
103491	1775
103522	1776
103593	1777
103644	1778
103809	1779
103866	1780
103884	1781
103913	1782
104003	1783
104064	1784
104140	1785
104231	1786
104291	1787
104316	1788
104354	1789
104398	1790
104426	1791
104605	1792
104706	1793
104743	1794
104768	1795
104800	1796
104830	1797
104856	1798
104968	1799
104999	1800
105096	1801
105242	1802
105373	1803
105425	1804
105468	1805
105581	1806
105638	1807
105661	1808
105714	1809
105751	1810
105759	1811
105789	1812
105832	1813
105986	1814
106060	1815
106104	1816
106147	1817
106201	1818
106272	1819
106378	1820
106491	1821
106507	1822
106536	1823
106572	1824
106631	1825
106690	1826
106739	1827
106781	1828
106833	1829
106931	1830
106971	1831
107072	1832
107171	1833
107361	1834
107385	1835
107521	1836
107636	1837
107686	1838
107755	1839
107862	1840
107984	1841
108035	1842
