org_id	remap_id
13	0
15	1
18	2
21	3
14	4
23	5
40	6
20	7
22	8
26	9
37	10
39	11
19	12
24	13
16	14
17	15
25	16
42	17
32	18
33	19
34	20
38	21
35	22
44	23
46	24
47	25
49	26
56	27
65	28
71	29
69	30
66	31
70	32
73	33
75	34
74	35
79	36
80	37
78	38
88	39
72	40
82	41
85	42
76	43
84	44
87	45
89	46
1	47
91	48
90	49
86	50
92	51
7	52
6	53
83	54
95	55
94	56
98	57
96	58
97	59
120	60
121	61
102	62
103	63
122	64
123	65
127	66
128	67
130	68
30	69
131	70
134	71
138	72
139	73
141	74
137	75
140	76
144	77
145	78
147	79
28	80
160	81
81	82
165	83
170	84
167	85
109	86
169	87
61	88
179	89
190	90
189	91
181	92
187	93
5	94
2	95
176	96
182	97
192	98
195	99
197	100
185	101
193	102
183	103
177	104
184	105
198	106
178	107
180	108
186	109
188	110
196	111
191	112
194	113
124	114
200	115
201	116
202	117
203	118
204	119
208	120
199	121
209	122
206	123
207	124
213	125
214	126
215	127
228	128
229	129
230	130
231	131
232	132
233	133
234	134
210	135
226	136
227	137
216	138
269	139
275	140
242	141
245	142
247	143
250	144
266	145
271	146
248	147
249	148
268	149
253	150
259	151
252	152
239	153
240	154
241	155
251	156
260	157
261	158
262	159
276	160
265	161
273	162
279	163
256	164
257	165
264	166
243	167
244	168
258	169
281	170
283	171
285	172
286	173
287	174
290	175
296	176
297	177
319	178
293	179
308	180
291	181
292	182
306	183
299	184
302	185
321	186
304	187
301	188
309	189
327	190
343	191
344	192
59	193
346	194
347	195
348	196
350	197
351	198
352	199
357	200
358	201
360	202
363	203
366	204
349	205
353	206
354	207
362	208
364	209
371	210
356	211
370	212
355	213
368	214
311	215
387	216
391	217
394	218
395	219
396	220
388	221
389	222
393	223
386	224
401	225
400	226
405	227
399	228
426	229
407	230
412	231
415	232
417	233
406	234
414	235
408	236
409	237
442	238
424	239
445	240
483	241
398	242
481	243
447	244
486	245
493	246
494	247
496	248
498	249
502	250
509	251
510	252
511	253
516	254
517	255
519	256
507	257
495	258
497	259
499	260
500	261
503	262
506	263
508	264
512	265
514	266
515	267
513	268
520	269
501	270
504	271
505	272
521	273
523	274
524	275
537	276
526	277
527	278
535	279
528	280
530	281
541	282
544	283
545	284
540	285
4	286
542	287
543	288
546	289
547	290
378	291
551	292
550	293
562	294
563	295
570	296
595	297
567	298
9	299
565	300
573	301
564	302
568	303
569	304
574	305
575	306
588	307
566	308
581	309
610	310
607	311
613	312
601	313
602	314
604	315
8	316
105	317
611	318
600	319
603	320
10	321
608	322
605	323
614	324
612	325
345	326
385	327
615	328
616	329
617	330
623	331
625	332
624	333
626	334
238	335
632	336
633	337
635	338
636	339
639	340
640	341
641	342
642	343
643	344
661	345
653	346
654	347
657	348
658	349
662	350
671	351
664	352
665	353
667	354
670	355
686	356
684	357
683	358
685	359
689	360
706	361
712	362
713	363
695	364
714	365
700	366
698	367
432	368
693	369
701	370
696	371
709	372
711	373
717	374
702	375
719	376
724	377
722	378
730	379
735	380
723	381
720	382
728	383
734	384
727	385
721	386
731	387
736	388
737	389
739	390
738	391
330	392
741	393
743	394
747	395
750	396
753	397
754	398
757	399
756	400
755	401
758	402
762	403
766	404
768	405
773	406
778	407
792	408
767	409
771	410
772	411
774	412
777	413
786	414
789	415
780	416
782	417
785	418
784	419
781	420
770	421
791	422
783	423
769	424
787	425
793	426
797	427
810	428
796	429
799	430
795	431
794	432
798	433
814	434
801	435
811	436
803	437
819	438
821	439
27	440
825	441
826	442
824	443
827	444
823	445
828	446
108	447
830	448
829	449
831	450
835	451
845	452
836	453
842	454
833	455
837	456
847	457
832	458
838	459
840	460
844	461
846	462
843	463
834	464
839	465
855	466
376	467
848	468
852	469
849	470
853	471
918	472
885	473
887	474
889	475
892	476
895	477
896	478
897	479
899	480
900	481
919	482
891	483
934	484
901	485
933	486
916	487
922	488
907	489
917	490
908	491
923	492
902	493
132	494
936	495
952	496
959	497
964	498
966	499
967	500
956	501
957	502
962	503
963	504
965	505
968	506
969	507
960	508
961	509
972	510
958	511
970	512
973	513
974	514
977	515
978	516
989	517
991	518
996	519
1001	520
1002	521
1003	522
1006	523
1016	524
1017	525
1021	526
1024	527
1029	528
1030	529
1031	530
1032	531
1035	532
1048	533
1070	534
1025	535
1044	536
1023	537
1045	538
1038	539
1028	540
1042	541
1026	542
1040	543
1046	544
1041	545
1071	546
1072	547
1076	548
1074	549
1079	550
1083	551
1080	552
1099	553
1100	554
1096	555
1098	556
1097	557
1102	558
1101	559
1104	560
1107	561
1124	562
1109	563
1136	564
1087	565
1186	566
1159	567
1198	568
1204	569
850	570
1205	571
1209	572
1212	573
1210	574
1208	575
1219	576
159	577
1222	578
1223	579
1227	580
1084	581
1228	582
1236	583
1232	584
1240	585
1237	586
1085	587
1238	588
1235	589
1249	590
1247	591
1250	592
1252	593
1248	594
1251	595
1264	596
1267	597
1268	598
1265	599
1272	600
1266	601
1273	602
1279	603
1280	604
1286	605
1284	606
1288	607
1296	608
1291	609
1297	610
1311	611
1319	612
164	613
1316	614
1302	615
1317	616
67	617
1323	618
1322	619
1330	620
1339	621
1344	622
1352	623
1355	624
1353	625
1354	626
1351	627
1357	628
1356	629
1358	630
1359	631
1366	632
1360	633
1365	634
742	635
1372	636
1373	637
1395	638
1392	639
1382	640
1378	641
1387	642
1430	643
1431	644
1433	645
1432	646
1434	647
1445	648
1446	649
1462	650
1463	651
1468	652
1474	653
1481	654
1478	655
1483	656
1486	657
1492	658
1489	659
1491	660
1490	661
1494	662
955	663
1505	664
1495	665
1081	666
1503	667
1531	668
1534	669
1535	670
1539	671
1542	672
1549	673
1550	674
1551	675
1552	676
1553	677
1548	678
1554	679
1593	680
1596	681
1613	682
1616	683
1627	684
1628	685
1630	686
1634	687
1640	688
1641	689
1644	690
1653	691
1660	692
1642	693
1645	694
1651	695
1654	696
1659	697
1646	698
1652	699
1655	700
1643	701
1648	702
1649	703
1650	704
1647	705
1671	706
1658	707
1680	708
1681	709
1538	710
1682	711
1533	712
1532	713
1683	714
1727	715
1684	716
1685	717
1722	718
1734	719
1735	720
1488	721
1739	722
1745	723
1766	724
1767	725
1771	726
1797	727
1812	728
1843	729
619	730
1845	731
1842	732
1844	733
1278	734
935	735
1847	736
1846	737
1754	738
1858	739
1859	740
1849	741
1870	742
1869	743
1871	744
1873	745
1872	746
1882	747
1886	748
1887	749
1889	750
1892	751
1894	752
1902	753
1890	754
1903	755
1912	756
1911	757
1943	758
1945	759
1946	760
1944	761
1950	762
1952	763
1951	764
1955	765
1956	766
1964	767
1368	768
1447	769
1972	770
1965	771
1966	772
1967	773
1973	774
1976	775
1970	776
1979	777
1971	778
1968	779
1969	780
1974	781
1975	782
1978	783
1981	784
1982	785
1977	786
1986	787
1987	788
1988	789
1989	790
1530	791
1990	792
1995	793
2006	794
2010	795
2012	796
2009	797
2003	798
2007	799
2011	800
2013	801
2014	802
2021	803
2030	804
2031	805
2053	806
2064	807
2056	808
2075	809
1269	810
2091	811
2092	812
2087	813
2088	814
2099	815
2104	816
2103	817
104	818
1089	819
2113	820
2115	821
2118	822
2123	823
2139	824
2140	825
2138	826
2137	827
2142	828
2146	829
2144	830
2143	831
2145	832
2147	833
2141	834
2148	835
2166	836
2183	837
2185	838
2186	839
2191	840
2197	841
2200	842
2194	843
2192	844
3	845
2196	846
2206	847
2208	848
2195	849
2203	850
2204	851
2201	852
2205	853
2199	854
2193	855
2209	856
2207	857
2212	858
2218	859
2213	860
2216	861
2215	862
2211	863
2217	864
2214	865
2220	866
2221	867
2222	868
2224	869
410	870
2229	871
315	872
2232	873
2237	874
2233	875
2235	876
2231	877
2234	878
2239	879
2244	880
2246	881
2276	882
557	883
2278	884
2280	885
2281	886
2282	887
2283	888
2284	889
2288	890
2294	891
2291	892
2308	893
2315	894
2333	895
62	896
1455	897
2345	898
2346	899
2349	900
2352	901
2272	902
2363	903
1426	904
2371	905
2372	906
2373	907
2377	908
2393	909
2385	910
2398	911
2407	912
2416	913
2426	914
2419	915
2457	916
2458	917
2461	918
2463	919
2464	920
2465	921
1880	922
1753	923
2472	924
1834	925
870	926
2479	927
2480	928
2505	929
2511	930
2520	931
2530	932
2534	933
2523	934
1835	935
2525	936
1738	937
1796	938
430	939
2545	940
2548	941
1790	942
2580	943
2583	944
2585	945
2606	946
2607	947
2609	948
2610	949
2608	950
2613	951
2627	952
1091	953
2636	954
2637	955
2640	956
2638	957
2658	958
2659	959
2661	960
2668	961
2670	962
2660	963
2664	964
2687	965
2690	966
2691	967
2692	968
2068	969
2694	970
2697	971
2700	972
2707	973
2712	974
2720	975
2726	976
2727	977
2736	978
2766	979
2752	980
2793	981
2806	982
2644	983
2805	984
2811	985
2808	986
2809	987
2824	988
2833	989
1218	990
2850	991
2645	992
2887	993
2885	994
2886	995
2892	996
329	997
2495	998
2901	999
2934	1000
2938	1001
2981	1002
2985	1003
2998	1004
3004	1005
3008	1006
3022	1007
3023	1008
3024	1009
3028	1010
3029	1011
1469	1012
3045	1013
3048	1014
3049	1015
3067	1016
3069	1017
3076	1018
3075	1019
3077	1020
3080	1021
3081	1022
3061	1023
3135	1024
3123	1025
3145	1026
3171	1027
3183	1028
3173	1029
3176	1030
3177	1031
3178	1032
3179	1033
3180	1034
3181	1035
3182	1036
3184	1037
3187	1038
3188	1039
3185	1040
3186	1041
3175	1042
3174	1043
1181	1044
3189	1045
3202	1046
761	1047
1086	1048
3210	1049
3213	1050
3215	1051
3216	1052
3212	1053
3211	1054
3217	1055
1362	1056
3235	1057
3237	1058
3234	1059
3236	1060
3232	1061
3233	1062
3242	1063
3244	1064
3255	1065
3252	1066
3253	1067
3261	1068
3259	1069
3273	1070
3269	1071
2469	1072
3310	1073
3312	1074
3315	1075
3314	1076
3332	1077
3333	1078
3359	1079
3368	1080
3366	1081
3364	1082
3378	1083
3379	1084
2868	1085
3393	1086
3397	1087
3394	1088
3444	1089
3424	1090
3450	1091
2025	1092
3458	1093
3471	1094
3479	1095
3483	1096
3495	1097
3496	1098
3497	1099
2190	1100
2096	1101
3509	1102
3508	1103
3510	1104
3343	1105
3524	1106
3525	1107
2796	1108
3530	1109
3532	1110
3540	1111
3534	1112
3535	1113
3536	1114
3537	1115
3538	1116
3539	1117
3541	1118
3542	1119
3543	1120
3557	1121
3558	1122
3559	1123
3545	1124
3549	1125
3560	1126
3547	1127
3550	1128
3552	1129
3554	1130
3544	1131
2785	1132
3551	1133
1423	1134
3546	1135
3555	1136
3556	1137
3568	1138
3572	1139
3576	1140
3584	1141
3577	1142
3588	1143
3589	1144
3591	1145
2944	1146
3590	1147
3592	1148
3593	1149
1512	1150
3595	1151
3597	1152
3596	1153
3600	1154
3603	1155
3605	1156
3609	1157
3651	1158
3652	1159
3653	1160
3658	1161
3660	1162
3654	1163
3657	1164
3673	1165
3674	1166
3680	1167
3678	1168
3683	1169
1482	1170
3335	1171
3706	1172
3700	1173
3701	1174
3702	1175
3708	1176
1422	1177
3709	1178
3726	1179
3737	1180
3768	1181
3775	1182
3790	1183
3807	1184
3810	1185
3579	1186
3825	1187
3830	1188
3829	1189
3831	1190
3833	1191
3834	1192
3842	1193
3843	1194
3844	1195
3828	1196
3840	1197
3832	1198
3841	1199
3845	1200
3836	1201
3839	1202
3838	1203
3599	1204
3846	1205
3848	1206
3862	1207
3586	1208
3863	1209
3865	1210
3869	1211
3871	1212
2430	1213
3868	1214
3882	1215
3883	1216
3890	1217
3925	1218
3926	1219
3930	1220
3928	1221
3927	1222
3929	1223
3933	1224
3924	1225
3932	1226
3937	1227
3950	1228
3961	1229
3968	1230
3980	1231
3983	1232
3982	1233
3999	1234
4009	1235
4013	1236
3970	1237
2381	1238
4044	1239
4041	1240
1737	1241
4042	1242
4050	1243
3507	1244
4045	1245
4046	1246
4052	1247
4070	1248
4073	1249
4079	1250
4086	1251
4103	1252
4102	1253
116	1254
4112	1255
4113	1256
4116	1257
2489	1258
4115	1259
4117	1260
4118	1261
4119	1262
4120	1263
2784	1264
4157	1265
4140	1266
4141	1267
4165	1268
1933	1269
12	1270
4215	1271
1039	1272
1836	1273
3375	1274
4258	1275
4263	1276
4259	1277
4262	1278
4261	1279
4273	1280
4260	1281
4271	1282
4278	1283
4279	1284
4283	1285
4289	1286
4290	1287
4300	1288
4301	1289
4307	1290
4311	1291
4316	1292
4317	1293
4318	1294
4328	1295
2734	1296
4081	1297
4341	1298
4342	1299
4343	1300
4344	1301
4345	1302
4346	1303
4347	1304
4349	1305
4350	1306
4351	1307
4348	1308
4356	1309
4391	1310
4397	1311
4396	1312
2604	1313
4411	1314
4418	1315
4340	1316
4430	1317
2133	1318
4431	1319
2044	1320
4429	1321
4449	1322
4466	1323
4471	1324
4496	1325
4502	1326
4507	1327
4516	1328
4508	1329
4523	1330
4532	1331
4531	1332
4530	1333
4533	1334
4549	1335
4568	1336
3955	1337
4589	1338
4605	1339
4612	1340
4613	1341
4620	1342
4621	1343
4639	1344
4679	1345
4676	1346
4711	1347
2531	1348
4722	1349
4721	1350
4720	1351
4723	1352
4726	1353
4725	1354
305	1355
1364	1356
1850	1357
3275	1358
4766	1359
4774	1360
4773	1361
4782	1362
4788	1363
4811	1364
4847	1365
2843	1366
4282	1367
4846	1368
4855	1369
4863	1370
4861	1371
2380	1372
4883	1373
4885	1374
4884	1375
4882	1376
4886	1377
4897	1378
4887	1379
2360	1380
4915	1381
4927	1382
4929	1383
4923	1384
628	1385
4922	1386
4932	1387
4920	1388
4921	1389
3779	1390
4926	1391
4933	1392
4934	1393
4924	1394
4925	1395
4928	1396
2575	1397
4930	1398
4931	1399
4938	1400
2362	1401
4943	1402
4944	1403
1833	1404
4945	1405
4948	1406
4947	1407
4946	1408
4956	1409
4955	1410
4952	1411
3631	1412
4954	1413
4972	1414
4994	1415
5001	1416
5008	1417
5009	1418
5010	1419
5011	1420
5033	1421
3347	1422
5042	1423
5045	1424
5077	1425
5075	1426
5082	1427
5076	1428
5103	1429
5129	1430
5104	1431
2762	1432
5140	1433
5193	1434
5194	1435
5195	1436
5218	1437
5217	1438
5219	1439
5238	1440
5244	1441
5254	1442
5259	1443
5260	1444
1090	1445
5258	1446
5286	1447
5299	1448
5294	1449
5295	1450
5297	1451
5298	1452
5301	1453
5302	1454
5303	1455
5296	1456
5300	1457
5316	1458
5318	1459
5320	1460
5322	1461
5317	1462
5324	1463
5327	1464
5328	1465
5329	1466
5367	1467
5368	1468
5370	1469
5452	1470
5453	1471
5459	1472
5493	1473
5514	1474
5526	1475
5532	1476
5533	1477
5535	1478
631	1479
5632	1480
5667	1481
5674	1482
5675	1483
5700	1484
5715	1485
1290	1486
5740	1487
5758	1488
5759	1489
5770	1490
5778	1491
3097	1492
1527	1493
5772	1494
5776	1495
5773	1496
5786	1497
5800	1498
5803	1499
5804	1500
5818	1501
5819	1502
5820	1503
5407	1504
5841	1505
3585	1506
5848	1507
5862	1508
4367	1509
5913	1510
5914	1511
5933	1512
5925	1513
5934	1514
5939	1515
5974	1516
5994	1517
3265	1518
6031	1519
6045	1520
6049	1521
6044	1522
2666	1523
6091	1524
6103	1525
6102	1526
6105	1527
6104	1528
6134	1529
2043	1530
6128	1531
6144	1532
6155	1533
6162	1534
6165	1535
6168	1536
6164	1537
5112	1538
6171	1539
6170	1540
6172	1541
6221	1542
6214	1543
6216	1544
6213	1545
2958	1546
6253	1547
6256	1548
6257	1549
6263	1550
6264	1551
422	1552
6312	1553
6314	1554
6313	1555
6320	1556
5687	1557
6363	1558
6352	1559
6357	1560
6341	1561
6343	1562
318	1563
6342	1564
6345	1565
6355	1566
6359	1567
6362	1568
6364	1569
6356	1570
6360	1571
4889	1572
533	1573
6383	1574
1106	1575
6445	1576
6444	1577
6446	1578
6483	1579
6482	1580
6489	1581
6486	1582
6487	1583
6485	1584
6488	1585
6540	1586
6546	1587
6571	1588
6577	1589
6580	1590
4792	1591
6561	1592
6562	1593
6576	1594
6563	1595
6579	1596
6567	1597
6566	1598
6565	1599
6568	1600
6573	1601
6622	1602
6624	1603
6625	1604
6623	1605
6628	1606
6629	1607
6645	1608
6646	1609
1348	1610
6304	1611
6648	1612
6678	1613
6701	1614
6728	1615
6763	1616
6765	1617
6767	1618
6764	1619
1424	1620
5094	1621
6798	1622
6805	1623
6815	1624
5083	1625
6794	1626
6796	1627
6808	1628
6795	1629
6804	1630
6797	1631
6811	1632
6809	1633
6813	1634
6799	1635
6803	1636
6817	1637
6801	1638
6807	1639
6816	1640
6819	1641
6810	1642
6800	1643
6812	1644
6806	1645
1560	1646
6802	1647
6824	1648
6825	1649
4854	1650
6833	1651
6852	1652
6853	1653
6868	1654
6875	1655
6895	1656
6900	1657
6925	1658
6934	1659
6936	1660
6957	1661
6956	1662
6976	1663
6980	1664
6981	1665
6998	1666
6999	1667
7000	1668
7001	1669
7013	1670
6997	1671
4953	1672
7005	1673
7003	1674
7002	1675
7004	1676
7041	1677
7040	1678
4487	1679
7070	1680
7089	1681
7086	1682
7088	1683
7091	1684
7090	1685
6450	1686
7103	1687
7104	1688
7108	1689
7113	1690
1513	1691
7134	1692
7179	1693
7188	1694
7191	1695
7190	1696
5960	1697
7189	1698
7192	1699
3166	1700
7251	1701
7252	1702
7257	1703
7255	1704
7253	1705
7256	1706
7254	1707
7260	1708
7258	1709
7259	1710
7286	1711
5976	1712
7333	1713
7334	1714
7336	1715
7346	1716
7408	1717
7412	1718
7465	1719
7487	1720
7491	1721
7499	1722
7490	1723
7517	1724
7516	1725
854	1726
7549	1727
6095	1728
7587	1729
7588	1730
7589	1731
1484	1732
7640	1733
7641	1734
7642	1735
7643	1736
7644	1737
7657	1738
7659	1739
7660	1740
7661	1741
7741	1742
2274	1743
7752	1744
7755	1745
7761	1746
7760	1747
7775	1748
7797	1749
7800	1750
7801	1751
2384	1752
7804	1753
7803	1754
7802	1755
7862	1756
6928	1757
7865	1758
7864	1759
7869	1760
6369	1761
7898	1762
7894	1763
7895	1764
7900	1765
7897	1766
7899	1767
7896	1768
7905	1769
7920	1770
7937	1771
7938	1772
7941	1773
7954	1774
7953	1775
7952	1776
7996	1777
7999	1778
7995	1779
7997	1780
7998	1781
8002	1782
8005	1783
1457	1784
4509	1785
8014	1786
8013	1787
8015	1788
2577	1789
8024	1790
2415	1791
8032	1792
8048	1793
8052	1794
8061	1795
5693	1796
5694	1797
8160	1798
8161	1799
8213	1800
8235	1801
8236	1802
8237	1803
8238	1804
8239	1805
8240	1806
8260	1807
8258	1808
8300	1809
8301	1810
8308	1811
8303	1812
8310	1813
8316	1814
8304	1815
8307	1816
8315	1817
8309	1818
8317	1819
8306	1820
8312	1821
8314	1822
8313	1823
8302	1824
8305	1825
8333	1826
8392	1827
8397	1828
8414	1829
8431	1830
8450	1831
8453	1832
8462	1833
8505	1834
8500	1835
8518	1836
8506	1837
8523	1838
8498	1839
8497	1840
8516	1841
8499	1842
8513	1843
8501	1844
8508	1845
8517	1846
8519	1847
8503	1848
8521	1849
8520	1850
8524	1851
8504	1852
8502	1853
8514	1854
8522	1855
8510	1856
8572	1857
8573	1858
8574	1859
8576	1860
8577	1861
8579	1862
8580	1863
8582	1864
8584	1865
8586	1866
8587	1867
8589	1868
8590	1869
8592	1870
8594	1871
8595	1872
8596	1873
8597	1874
8599	1875
8583	1876
8588	1877
8581	1878
8593	1879
8585	1880
8602	1881
8575	1882
8578	1883
8591	1884
8606	1885
8598	1886
8603	1887
8615	1888
8620	1889
8621	1890
8670	1891
8671	1892
8674	1893
8672	1894
8697	1895
8711	1896
8716	1897
8730	1898
8732	1899
8728	1900
8731	1901
8729	1902
8734	1903
8826	1904
8827	1905
8852	1906
8855	1907
8856	1908
8857	1909
8865	1910
8106	1911
8860	1912
8859	1913
8862	1914
8854	1915
8861	1916
8858	1917
8864	1918
8884	1919
8899	1920
7474	1921
8897	1922
8910	1923
8927	1924
8933	1925
8951	1926
8952	1927
9172	1928
9175	1929
9183	1930
9182	1931
9192	1932
9202	1933
9203	1934
9210	1935
3529	1936
9262	1937
4439	1938
9264	1939
9314	1940
9323	1941
9321	1942
9337	1943
9416	1944
9437	1945
9425	1946
9432	1947
9441	1948
9438	1949
9439	1950
9440	1951
9444	1952
9445	1953
9446	1954
9447	1955
9449	1956
9452	1957
9433	1958
9429	1959
9435	1960
9427	1961
9428	1962
9434	1963
9436	1964
9442	1965
9448	1966
9430	1967
9431	1968
9443	1969
9451	1970
9473	1971
9472	1972
9474	1973
9475	1974
9471	1975
9476	1976
9482	1977
9491	1978
9565	1979
9613	1980
9614	1981
9640	1982
9639	1983
9670	1984
9677	1985
9727	1986
9728	1987
9731	1988
9763	1989
9764	1990
9765	1991
9766	1992
9767	1993
9769	1994
9793	1995
9805	1996
9823	1997
9827	1998
425	1999
9819	2000
9825	2001
9822	2002
9818	2003
9820	2004
9828	2005
9821	2006
9824	2007
9826	2008
9817	2009
9829	2010
9830	2011
9832	2012
9831	2013
9745	2014
9847	2015
9919	2016
9945	2017
9950	2018
9957	2019
9953	2020
9952	2021
9954	2022
9955	2023
9958	2024
9973	2025
9972	2026
9974	2027
9975	2028
7948	2029
9998	2030
9997	2031
10093	2032
10096	2033
10100	2034
10092	2035
10099	2036
10097	2037
7866	2038
10110	2039
10111	2040
10122	2041
10113	2042
10112	2043
10117	2044
10116	2045
10138	2046
10139	2047
10195	2048
10213	2049
10212	2050
10214	2051
10220	2052
10232	2053
10230	2054
10233	2055
6510	2056
10241	2057
10231	2058
10236	2059
10242	2060
10238	2061
10239	2062
10235	2063
10259	2064
10261	2065
10260	2066
10289	2067
10297	2068
10304	2069
10311	2070
10315	2071
10313	2072
10361	2073
10364	2074
10362	2075
10363	2076
10365	2077
10386	2078
10387	2079
10392	2080
10393	2081
10394	2082
10395	2083
10396	2084
8116	2085
10489	2086
10490	2087
10537	2088
2336	2089
10534	2090
10533	2091
10532	2092
10559	2093
10581	2094
10586	2095
10589	2096
10585	2097
10588	2098
10599	2099
10587	2100
10590	2101
10591	2102
10602	2103
10592	2104
10597	2105
10593	2106
10594	2107
10620	2108
10654	2109
10691	2110
10692	2111
10694	2112
10695	2113
10740	2114
10772	2115
10826	2116
10847	2117
10848	2118
10862	2119
11025	2120
11026	2121
11056	2122
11055	2123
11061	2124
11083	2125
11082	2126
11163	2127
11190	2128
5944	2129
11272	2130
11336	2131
11337	2132
11358	2133
11359	2134
11360	2135
11374	2136
7354	2137
11375	2138
11409	2139
11442	2140
11439	2141
11440	2142
11441	2143
11469	2144
11492	2145
11490	2146
11489	2147
11488	2148
11485	2149
11491	2150
11486	2151
11487	2152
11498	2153
11499	2154
11501	2155
11509	2156
11511	2157
11515	2158
11518	2159
11520	2160
11508	2161
11510	2162
11512	2163
11526	2164
7353	2165
11506	2166
11513	2167
11514	2168
11516	2169
11517	2170
11519	2171
11522	2172
11523	2173
5091	2174
11521	2175
11524	2176
11507	2177
11532	2178
11613	2179
11614	2180
11616	2181
11615	2182
11627	2183
11629	2184
5414	2185
11687	2186
11692	2187
11691	2188
11694	2189
11738	2190
11757	2191
11778	2192
11792	2193
11791	2194
11793	2195
11794	2196
11798	2197
11877	2198
11878	2199
11879	2200
11899	2201
11900	2202
11915	2203
11918	2204
5980	2205
11935	2206
11936	2207
11934	2208
11933	2209
11937	2210
11938	2211
11956	2212
11957	2213
12021	2214
12022	2215
12024	2216
12025	2217
12029	2218
12030	2219
12027	2220
12038	2221
12026	2222
12032	2223
12036	2224
12028	2225
12041	2226
12043	2227
4174	2228
12056	2229
6529	2230
12063	2231
12058	2232
12060	2233
12092	2234
12093	2235
12095	2236
12094	2237
12096	2238
12099	2239
12125	2240
11314	2241
12133	2242
12134	2243
12132	2244
12135	2245
12170	2246
12171	2247
12173	2248
12179	2249
12209	2250
12208	2251
12219	2252
12220	2253
12218	2254
12239	2255
12241	2256
12265	2257
12273	2258
12266	2259
12269	2260
12271	2261
12268	2262
12272	2263
7922	2264
12267	2265
12270	2266
12297	2267
12287	2268
12288	2269
12289	2270
12298	2271
12299	2272
12295	2273
12290	2274
12292	2275
12304	2276
12291	2277
12296	2278
6276	2279
9322	2280
12359	2281
12361	2282
12358	2283
12372	2284
12472	2285
12522	2286
12530	2287
12529	2288
12534	2289
12535	2290
12536	2291
12537	2292
12538	2293
12548	2294
12549	2295
12639	2296
12638	2297
12640	2298
12641	2299
12642	2300
12647	2301
12646	2302
12643	2303
12644	2304
