org_id	remap_id
2	0
3	1
4	2
5	3
6	4
7	5
8	6
9	7
10	8
11	9
12	10
13	11
14	12
15	13
16	14
17	15
18	16
20	17
21	18
22	19
23	20
24	21
25	22
26	23
27	24
28	25
29	26
30	27
31	28
32	29
33	30
34	31
35	32
36	33
37	34
38	35
39	36
40	37
41	38
42	39
43	40
44	41
45	42
46	43
47	44
48	45
49	46
50	47
51	48
52	49
53	50
54	51
55	52
57	53
58	54
59	55
60	56
61	57
62	58
63	59
64	60
65	61
66	62
68	63
69	64
70	65
71	66
72	67
73	68
74	69
75	70
76	71
77	72
78	73
79	74
80	75
81	76
82	77
83	78
84	79
85	80
86	81
87	82
88	83
89	84
90	85
91	86
92	87
94	88
95	89
96	90
97	91
98	92
99	93
100	94
101	95
102	96
103	97
104	98
106	99
107	100
108	101
109	102
110	103
111	104
112	105
113	106
114	107
115	108
117	109
118	110
119	111
120	112
121	113
123	114
124	115
125	116
127	117
128	118
129	119
130	120
131	121
132	122
133	123
134	124
135	125
136	126
137	127
139	128
140	129
141	130
142	131
143	132
144	133
145	134
146	135
147	136
148	137
149	138
150	139
151	140
152	141
153	142
154	143
155	144
156	145
157	146
158	147
159	148
161	149
162	150
163	151
164	152
166	153
168	154
170	155
171	156
172	157
173	158
174	159
175	160
176	161
177	162
178	163
179	164
180	165
181	166
182	167
184	168
185	169
186	170
187	171
188	172
189	173
190	174
192	175
193	176
194	177
195	178
196	179
198	180
200	181
201	182
202	183
203	184
204	185
205	186
206	187
207	188
208	189
209	190
210	191
211	192
212	193
214	194
215	195
216	196
217	197
218	198
219	199
220	200
223	201
224	202
225	203
226	204
227	205
228	206
229	207
230	208
231	209
232	210
234	211
235	212
236	213
237	214
238	215
240	216
241	217
242	218
243	219
244	220
247	221
248	222
249	223
250	224
252	225
253	226
254	227
255	228
256	229
257	230
258	231
259	232
260	233
261	234
262	235
263	236
264	237
265	238
266	239
267	240
268	241
269	242
270	243
273	244
274	245
275	246
277	247
278	248
279	249
280	250
281	251
282	252
283	253
284	254
285	255
286	256
288	257
289	258
290	259
291	260
292	261
293	262
294	263
295	264
296	265
297	266
298	267
299	268
300	269
301	270
302	271
303	272
304	273
305	274
307	275
308	276
310	277
311	278
312	279
313	280
314	281
315	282
316	283
317	284
318	285
320	286
321	287
324	288
325	289
326	290
327	291
328	292
329	293
330	294
331	295
332	296
333	297
334	298
335	299
336	300
337	301
338	302
339	303
340	304
341	305
342	306
343	307
345	308
346	309
347	310
348	311
349	312
350	313
351	314
352	315
353	316
354	317
355	318
356	319
357	320
358	321
359	322
360	323
361	324
362	325
363	326
364	327
365	328
366	329
367	330
369	331
370	332
371	333
372	334
375	335
376	336
377	337
378	338
380	339
382	340
383	341
385	342
386	343
387	344
388	345
390	346
391	347
392	348
393	349
394	350
395	351
396	352
397	353
398	354
399	355
400	356
401	357
402	358
403	359
405	360
406	361
407	362
408	363
409	364
410	365
411	366
412	367
413	368
414	369
415	370
416	371
417	372
418	373
419	374
421	375
423	376
424	377
425	378
426	379
427	380
428	381
430	382
431	383
432	384
433	385
435	386
436	387
437	388
438	389
439	390
440	391
441	392
442	393
443	394
444	395
446	396
447	397
449	398
450	399
451	400
452	401
453	402
454	403
455	404
456	405
457	406
458	407
459	408
460	409
461	410
462	411
463	412
464	413
465	414
466	415
467	416
468	417
469	418
470	419
472	420
473	421
474	422
475	423
476	424
477	425
478	426
479	427
480	428
481	429
482	430
484	431
485	432
486	433
487	434
488	435
489	436
490	437
491	438
492	439
493	440
494	441
495	442
496	443
497	444
498	445
499	446
500	447
501	448
502	449
503	450
504	451
506	452
507	453
508	454
509	455
510	456
511	457
513	458
514	459
515	460
516	461
517	462
518	463
519	464
520	465
521	466
523	467
525	468
527	469
529	470
530	471
531	472
532	473
533	474
534	475
535	476
536	477
537	478
538	479
539	480
540	481
541	482
542	483
543	484
544	485
545	486
546	487
547	488
548	489
549	490
550	491
551	492
552	493
553	494
555	495
556	496
557	497
558	498
559	499
560	500
561	501
562	502
563	503
565	504
566	505
567	506
568	507
569	508
570	509
571	510
573	511
574	512
575	513
576	514
577	515
578	516
579	517
580	518
581	519
582	520
583	521
584	522
585	523
586	524
587	525
589	526
590	527
592	528
593	529
594	530
595	531
596	532
598	533
601	534
602	535
603	536
604	537
605	538
606	539
607	540
608	541
609	542
611	543
612	544
613	545
614	546
615	547
616	548
617	549
618	550
620	551
621	552
622	553
623	554
624	555
625	556
627	557
628	558
629	559
631	560
632	561
633	562
634	563
636	564
637	565
638	566
639	567
640	568
641	569
642	570
643	571
644	572
645	573
646	574
647	575
649	576
650	577
651	578
652	579
654	580
655	581
656	582
657	583
658	584
659	585
660	586
661	587
662	588
664	589
665	590
667	591
668	592
669	593
670	594
671	595
672	596
673	597
674	598
675	599
676	600
677	601
678	602
679	603
680	604
681	605
682	606
683	607
684	608
685	609
686	610
687	611
688	612
689	613
690	614
691	615
692	616
693	617
694	618
695	619
696	620
697	621
698	622
699	623
700	624
701	625
702	626
703	627
704	628
705	629
706	630
707	631
708	632
709	633
710	634
711	635
712	636
713	637
714	638
715	639
716	640
717	641
719	642
720	643
722	644
723	645
725	646
726	647
727	648
728	649
729	650
730	651
731	652
732	653
733	654
734	655
735	656
736	657
737	658
738	659
739	660
741	661
742	662
743	663
744	664
745	665
746	666
747	667
749	668
750	669
751	670
752	671
753	672
754	673
756	674
757	675
758	676
759	677
760	678
761	679
762	680
763	681
764	682
765	683
767	684
768	685
769	686
770	687
771	688
772	689
773	690
776	691
777	692
778	693
779	694
780	695
781	696
782	697
784	698
785	699
786	700
787	701
788	702
789	703
791	704
792	705
793	706
795	707
797	708
798	709
799	710
800	711
801	712
802	713
805	714
806	715
807	716
808	717
809	718
812	719
813	720
814	721
815	722
816	723
817	724
818	725
819	726
820	727
821	728
822	729
823	730
824	731
825	732
826	733
827	734
828	735
829	736
830	737
831	738
832	739
834	740
835	741
836	742
837	743
838	744
839	745
840	746
842	747
843	748
844	749
845	750
846	751
847	752
848	753
849	754
850	755
851	756
852	757
853	758
854	759
855	760
856	761
858	762
859	763
860	764
861	765
862	766
863	767
864	768
869	769
870	770
871	771
873	772
874	773
875	774
876	775
877	776
878	777
881	778
882	779
884	780
885	781
886	782
887	783
888	784
889	785
890	786
891	787
893	788
895	789
896	790
897	791
898	792
899	793
900	794
903	795
904	796
905	797
906	798
907	799
908	800
909	801
910	802
911	803
912	804
913	805
914	806
915	807
916	808
917	809
919	810
920	811
921	812
922	813
924	814
926	815
927	816
928	817
931	818
932	819
933	820
934	821
935	822
936	823
938	824
939	825
940	826
941	827
942	828
943	829
946	830
948	831
949	832
950	833
951	834
952	835
953	836
954	837
955	838
958	839
959	840
960	841
961	842
962	843
963	844
964	845
965	846
966	847
967	848
968	849
969	850
971	851
972	852
975	853
976	854
977	855
978	856
979	857
980	858
981	859
982	860
984	861
985	862
986	863
987	864
990	865
991	866
993	867
994	868
995	869
996	870
997	871
998	872
999	873
1001	874
1002	875
1003	876
1004	877
1005	878
1006	879
1007	880
1008	881
1009	882
1010	883
1011	884
1012	885
1013	886
1014	887
1015	888
1016	889
1017	890
1018	891
1020	892
1021	893
1022	894
1023	895
1024	896
1025	897
1026	898
1027	899
1028	900
1029	901
1030	902
1032	903
1033	904
1034	905
1035	906
1036	907
1037	908
1038	909
1040	910
1041	911
1042	912
1044	913
1046	914
1047	915
1049	916
1050	917
1051	918
1052	919
1053	920
1054	921
1055	922
1056	923
1057	924
1058	925
1060	926
1061	927
1062	928
1064	929
1065	930
1067	931
1068	932
1070	933
1071	934
1072	935
1073	936
1074	937
1075	938
1076	939
1078	940
1079	941
1080	942
1081	943
1082	944
1084	945
1086	946
1087	947
1088	948
1089	949
1090	950
1091	951
1092	952
1093	953
1094	954
1097	955
1098	956
1099	957
1100	958
1101	959
1102	960
1103	961
1104	962
1106	963
1107	964
1108	965
1109	966
1110	967
1111	968
1112	969
1113	970
1114	971
1115	972
1118	973
1120	974
1121	975
1122	976
1124	977
1125	978
1126	979
1128	980
1130	981
1131	982
1132	983
1133	984
1134	985
1135	986
1136	987
1137	988
1138	989
1139	990
1143	991
1144	992
1145	993
1146	994
1147	995
1148	996
1149	997
1150	998
1151	999
1152	1000
1154	1001
1155	1002
1156	1003
1157	1004
1158	1005
1159	1006
1160	1007
1161	1008
1163	1009
1164	1010
1165	1011
1166	1012
1167	1013
1170	1014
1171	1015
1172	1016
1173	1017
1174	1018
1176	1019
1177	1020
1178	1021
1179	1022
1180	1023
1181	1024
1182	1025
1183	1026
1184	1027
1185	1028
1186	1029
1187	1030
1188	1031
1189	1032
1190	1033
1191	1034
1192	1035
1193	1036
1194	1037
1195	1038
1197	1039
1198	1040
1199	1041
1200	1042
1202	1043
1204	1044
1205	1045
1206	1046
1207	1047
1209	1048
1210	1049
1211	1050
1212	1051
1213	1052
1214	1053
1215	1054
1216	1055
1217	1056
1219	1057
1220	1058
1221	1059
1222	1060
1223	1061
1224	1062
1225	1063
1226	1064
1228	1065
1229	1066
1230	1067
1231	1068
1232	1069
1233	1070
1234	1071
1235	1072
1237	1073
1238	1074
1239	1075
1240	1076
1242	1077
1243	1078
1244	1079
1245	1080
1246	1081
1247	1082
1248	1083
1249	1084
1253	1085
1254	1086
1255	1087
1256	1088
1258	1089
1259	1090
1261	1091
1262	1092
1263	1093
1264	1094
1265	1095
1266	1096
1267	1097
1270	1098
1271	1099
1272	1100
1273	1101
1274	1102
1275	1103
1276	1104
1277	1105
1278	1106
1279	1107
1280	1108
1281	1109
1282	1110
1283	1111
1284	1112
1286	1113
1287	1114
1288	1115
1290	1116
1291	1117
1292	1118
1293	1119
1294	1120
1295	1121
1298	1122
1299	1123
1300	1124
1301	1125
1302	1126
1303	1127
1304	1128
1305	1129
1307	1130
1308	1131
1309	1132
1310	1133
1311	1134
1312	1135
1313	1136
1316	1137
1318	1138
1319	1139
1321	1140
1322	1141
1323	1142
1324	1143
1325	1144
1327	1145
1329	1146
1331	1147
1332	1148
1333	1149
1334	1150
1335	1151
1336	1152
1337	1153
1339	1154
1340	1155
1342	1156
1343	1157
1345	1158
1346	1159
1347	1160
1348	1161
1349	1162
1350	1163
1351	1164
1352	1165
1353	1166
1354	1167
1355	1168
1356	1169
1357	1170
1358	1171
1360	1172
1362	1173
1363	1174
1364	1175
1365	1176
1366	1177
1367	1178
1368	1179
1369	1180
1372	1181
1373	1182
1374	1183
1375	1184
1376	1185
1377	1186
1378	1187
1379	1188
1380	1189
1381	1190
1382	1191
1383	1192
1384	1193
1385	1194
1386	1195
1387	1196
1388	1197
1389	1198
1390	1199
1393	1200
1394	1201
1395	1202
1396	1203
1398	1204
1399	1205
1401	1206
1402	1207
1403	1208
1404	1209
1405	1210
1407	1211
1408	1212
1410	1213
1411	1214
1413	1215
1414	1216
1416	1217
1418	1218
1419	1219
1420	1220
1421	1221
1422	1222
1423	1223
1424	1224
1425	1225
1426	1226
1427	1227
1428	1228
1429	1229
1430	1230
1431	1231
1432	1232
1433	1233
1434	1234
1435	1235
1437	1236
1438	1237
1439	1238
1440	1239
1441	1240
1442	1241
1443	1242
1444	1243
1445	1244
1446	1245
1447	1246
1449	1247
1450	1248
1451	1249
1452	1250
1453	1251
1454	1252
1455	1253
1456	1254
1457	1255
1458	1256
1459	1257
1461	1258
1462	1259
1463	1260
1464	1261
1465	1262
1466	1263
1469	1264
1470	1265
1471	1266
1472	1267
1473	1268
1475	1269
1476	1270
1477	1271
1478	1272
1479	1273
1480	1274
1481	1275
1483	1276
1484	1277
1485	1278
1486	1279
1488	1280
1489	1281
1490	1282
1491	1283
1492	1284
1493	1285
1494	1286
1495	1287
1496	1288
1497	1289
1498	1290
1499	1291
1500	1292
1501	1293
1503	1294
1504	1295
1505	1296
1506	1297
1507	1298
1508	1299
1509	1300
1511	1301
1513	1302
1514	1303
1515	1304
1516	1305
1517	1306
1518	1307
1519	1308
1520	1309
1521	1310
1522	1311
1524	1312
1525	1313
1527	1314
1528	1315
1530	1316
1531	1317
1532	1318
1533	1319
1534	1320
1535	1321
1536	1322
1537	1323
1538	1324
1539	1325
1540	1326
1541	1327
1542	1328
1543	1329
1544	1330
1545	1331
1546	1332
1547	1333
1549	1334
1551	1335
1552	1336
1553	1337
1554	1338
1555	1339
1557	1340
1558	1341
1559	1342
1560	1343
1562	1344
1563	1345
1564	1346
1565	1347
1566	1348
1567	1349
1568	1350
1570	1351
1572	1352
1573	1353
1574	1354
1575	1355
1576	1356
1577	1357
1578	1358
1579	1359
1580	1360
1581	1361
1582	1362
1583	1363
1584	1364
1585	1365
1586	1366
1587	1367
1588	1368
1589	1369
1591	1370
1592	1371
1593	1372
1594	1373
1595	1374
1596	1375
1597	1376
1599	1377
1600	1378
1601	1379
1604	1380
1605	1381
1606	1382
1607	1383
1608	1384
1611	1385
1613	1386
1615	1387
1616	1388
1617	1389
1618	1390
1619	1391
1621	1392
1622	1393
1623	1394
1624	1395
1625	1396
1626	1397
1627	1398
1628	1399
1629	1400
1630	1401
1632	1402
1633	1403
1634	1404
1635	1405
1636	1406
1637	1407
1638	1408
1639	1409
1640	1410
1641	1411
1642	1412
1643	1413
1644	1414
1647	1415
1649	1416
1650	1417
1652	1418
1653	1419
1654	1420
1655	1421
1656	1422
1657	1423
1658	1424
1659	1425
1660	1426
1661	1427
1662	1428
1663	1429
1664	1430
1665	1431
1666	1432
1667	1433
1669	1434
1670	1435
1671	1436
1672	1437
1674	1438
1676	1439
1677	1440
1678	1441
1679	1442
1680	1443
1682	1444
1683	1445
1684	1446
1685	1447
1686	1448
1687	1449
1688	1450
1689	1451
1690	1452
1691	1453
1692	1454
1693	1455
1694	1456
1695	1457
1696	1458
1697	1459
1699	1460
1700	1461
1701	1462
1702	1463
1703	1464
1704	1465
1705	1466
1706	1467
1707	1468
1708	1469
1709	1470
1710	1471
1711	1472
1712	1473
1715	1474
1717	1475
1718	1476
1719	1477
1720	1478
1722	1479
1723	1480
1724	1481
1725	1482
1726	1483
1727	1484
1728	1485
1730	1486
1731	1487
1732	1488
1733	1489
1734	1490
1736	1491
1737	1492
1740	1493
1741	1494
1742	1495
1743	1496
1744	1497
1745	1498
1746	1499
1747	1500
1748	1501
1749	1502
1751	1503
1752	1504
1753	1505
1754	1506
1755	1507
1757	1508
1758	1509
1759	1510
1760	1511
1761	1512
1762	1513
1764	1514
1765	1515
1766	1516
1768	1517
1769	1518
1770	1519
1771	1520
1772	1521
1773	1522
1774	1523
1775	1524
1776	1525
1777	1526
1778	1527
1779	1528
1780	1529
1781	1530
1782	1531
1783	1532
1784	1533
1785	1534
1786	1535
1787	1536
1788	1537
1789	1538
1791	1539
1792	1540
1793	1541
1794	1542
1795	1543
1796	1544
1797	1545
1798	1546
1799	1547
1800	1548
1801	1549
1802	1550
1803	1551
1804	1552
1805	1553
1806	1554
1807	1555
1808	1556
1809	1557
1810	1558
1811	1559
1813	1560
1814	1561
1816	1562
1817	1563
1818	1564
1819	1565
1820	1566
1821	1567
1822	1568
1823	1569
1824	1570
1825	1571
1826	1572
1827	1573
1828	1574
1829	1575
1830	1576
1831	1577
1832	1578
1833	1579
1834	1580
1835	1581
1836	1582
1838	1583
1839	1584
1840	1585
1841	1586
1842	1587
1844	1588
1845	1589
1846	1590
1848	1591
1850	1592
1851	1593
1852	1594
1853	1595
1854	1596
1855	1597
1856	1598
1857	1599
1858	1600
1859	1601
1860	1602
1861	1603
1862	1604
1863	1605
1864	1606
1865	1607
1866	1608
1867	1609
1868	1610
1869	1611
1871	1612
1872	1613
1873	1614
1874	1615
1875	1616
1877	1617
1879	1618
1880	1619
1881	1620
1882	1621
1883	1622
1885	1623
1887	1624
1888	1625
1889	1626
1890	1627
1891	1628
1892	1629
1894	1630
1895	1631
1896	1632
1897	1633
1898	1634
1899	1635
1900	1636
1902	1637
1903	1638
1904	1639
1905	1640
1906	1641
1907	1642
1908	1643
1909	1644
1910	1645
1911	1646
1912	1647
1914	1648
1915	1649
1917	1650
1918	1651
1919	1652
1920	1653
1921	1654
1922	1655
1923	1656
1925	1657
1926	1658
1928	1659
1929	1660
1930	1661
1931	1662
1933	1663
1934	1664
1935	1665
1936	1666
1937	1667
1938	1668
1941	1669
1942	1670
1944	1671
1946	1672
1947	1673
1948	1674
1950	1675
1951	1676
1952	1677
1954	1678
1955	1679
1956	1680
1957	1681
1958	1682
1959	1683
1961	1684
1962	1685
1963	1686
1964	1687
1965	1688
1966	1689
1968	1690
1969	1691
1971	1692
1972	1693
1973	1694
1974	1695
1975	1696
1976	1697
1977	1698
1978	1699
1979	1700
1980	1701
1981	1702
1982	1703
1983	1704
1984	1705
1986	1706
1987	1707
1988	1708
1989	1709
1990	1710
1991	1711
1992	1712
1993	1713
1994	1714
1995	1715
1996	1716
1997	1717
1998	1718
1999	1719
2000	1720
2001	1721
2003	1722
2004	1723
2005	1724
2006	1725
2007	1726
2008	1727
2009	1728
2010	1729
2011	1730
2013	1731
2014	1732
2015	1733
2016	1734
2017	1735
2018	1736
2019	1737
2020	1738
2021	1739
2022	1740
2023	1741
2024	1742
2025	1743
2027	1744
2028	1745
2029	1746
2030	1747
2031	1748
2032	1749
2033	1750
2034	1751
2035	1752
2036	1753
2037	1754
2038	1755
2039	1756
2040	1757
2041	1758
2042	1759
2043	1760
2044	1761
2045	1762
2046	1763
2047	1764
2048	1765
2051	1766
2052	1767
2053	1768
2054	1769
2055	1770
2056	1771
2058	1772
2059	1773
2060	1774
2061	1775
2062	1776
2064	1777
2065	1778
2066	1779
2067	1780
2068	1781
2069	1782
2070	1783
2071	1784
2072	1785
2075	1786
2076	1787
2077	1788
2079	1789
2080	1790
2081	1791
2083	1792
2084	1793
2085	1794
2086	1795
2087	1796
2088	1797
2090	1798
2091	1799
2092	1800
2093	1801
2094	1802
2095	1803
2096	1804
2097	1805
2099	1806
2100	1807
